   5.4826519e+00  -1.5469371e+01   2.1538561e+00
   5.6611739e+00  -1.5568816e+01   2.6101900e+00
   5.8396959e+00  -1.5668260e+01   3.0665239e+00
   6.0182179e+00  -1.5767705e+01   3.5228578e+00
   6.1967398e+00  -1.5867150e+01   3.9791917e+00
   6.3752618e+00  -1.5966595e+01   4.4355256e+00
   6.5537838e+00  -1.6066040e+01   4.8918595e+00
   6.7323058e+00  -1.6165484e+01   5.3481934e+00
   6.9108278e+00  -1.6264929e+01   5.8045273e+00
   7.0893498e+00  -1.6364374e+01   6.2608612e+00
   7.2678718e+00  -1.6463819e+01   6.7171951e+00
   5.3832071e+00  -1.5000133e+01   2.2950167e+00
   5.5617291e+00  -1.5099577e+01   2.7513506e+00
   5.7402511e+00  -1.5199022e+01   3.2076845e+00
   5.9187731e+00  -1.5298467e+01   3.6640184e+00
   6.0972950e+00  -1.5397912e+01   4.1203523e+00
   6.2758170e+00  -1.5497357e+01   4.5766862e+00
   6.4543390e+00  -1.5596801e+01   5.0330201e+00
   6.6328610e+00  -1.5696246e+01   5.4893540e+00
   6.8113830e+00  -1.5795691e+01   5.9456879e+00
   6.9899050e+00  -1.5895136e+01   6.4020219e+00
   7.1684270e+00  -1.5994581e+01   6.8583558e+00
   5.2837623e+00  -1.4530895e+01   2.4361773e+00
   5.4622843e+00  -1.4630339e+01   2.8925112e+00
   5.6408063e+00  -1.4729784e+01   3.3488451e+00
   5.8193282e+00  -1.4829229e+01   3.8051790e+00
   5.9978502e+00  -1.4928674e+01   4.2615130e+00
   6.1763722e+00  -1.5028119e+01   4.7178469e+00
   6.3548942e+00  -1.5127563e+01   5.1741808e+00
   6.5334162e+00  -1.5227008e+01   5.6305147e+00
   6.7119382e+00  -1.5326453e+01   6.0868486e+00
   6.8904602e+00  -1.5425898e+01   6.5431825e+00
   7.0689822e+00  -1.5525343e+01   6.9995164e+00
   5.1843175e+00  -1.4061656e+01   2.5773380e+00
   5.3628395e+00  -1.4161101e+01   3.0336719e+00
   5.5413615e+00  -1.4260546e+01   3.4900058e+00
   5.7198834e+00  -1.4359991e+01   3.9463397e+00
   5.8984054e+00  -1.4459436e+01   4.4026736e+00
   6.0769274e+00  -1.4558880e+01   4.8590075e+00
   6.2554494e+00  -1.4658325e+01   5.3153414e+00
   6.4339714e+00  -1.4757770e+01   5.7716753e+00
   6.6124934e+00  -1.4857215e+01   6.2280092e+00
   6.7910154e+00  -1.4956660e+01   6.6843431e+00
   6.9695373e+00  -1.5056104e+01   7.1406770e+00
   5.0848727e+00  -1.3592418e+01   2.7184986e+00
   5.2633947e+00  -1.3691863e+01   3.1748325e+00
   5.4419167e+00  -1.3791308e+01   3.6311664e+00
   5.6204386e+00  -1.3890753e+01   4.0875003e+00
   5.7989606e+00  -1.3990198e+01   4.5438342e+00
   5.9774826e+00  -1.4089642e+01   5.0001681e+00
   6.1560046e+00  -1.4189087e+01   5.4565020e+00
   6.3345266e+00  -1.4288532e+01   5.9128359e+00
   6.5130486e+00  -1.4387977e+01   6.3691698e+00
   6.6915706e+00  -1.4487422e+01   6.8255037e+00
   6.8700925e+00  -1.4586866e+01   7.2818376e+00
   4.9854279e+00  -1.3123180e+01   2.8596592e+00
   5.1639499e+00  -1.3222625e+01   3.3159931e+00
   5.3424719e+00  -1.3322070e+01   3.7723270e+00
   5.5209938e+00  -1.3421515e+01   4.2286609e+00
   5.6995158e+00  -1.3520959e+01   4.6849948e+00
   5.8780378e+00  -1.3620404e+01   5.1413287e+00
   6.0565598e+00  -1.3719849e+01   5.5976626e+00
   6.2350818e+00  -1.3819294e+01   6.0539965e+00
   6.4136038e+00  -1.3918739e+01   6.5103304e+00
   6.5921258e+00  -1.4018183e+01   6.9666643e+00
   6.7706477e+00  -1.4117628e+01   7.4229982e+00
   4.8859831e+00  -1.2653942e+01   3.0008198e+00
   5.0645051e+00  -1.2753387e+01   3.4571537e+00
   5.2430271e+00  -1.2852832e+01   3.9134876e+00
   5.4215490e+00  -1.2952276e+01   4.3698215e+00
   5.6000710e+00  -1.3051721e+01   4.8261554e+00
   5.7785930e+00  -1.3151166e+01   5.2824893e+00
   5.9571150e+00  -1.3250611e+01   5.7388232e+00
   6.1356370e+00  -1.3350056e+01   6.1951571e+00
   6.3141590e+00  -1.3449500e+01   6.6514910e+00
   6.4926810e+00  -1.3548945e+01   7.1078249e+00
   6.6712029e+00  -1.3648390e+01   7.5641588e+00
   4.7865383e+00  -1.2184704e+01   3.1419804e+00
   4.9650603e+00  -1.2284149e+01   3.5983143e+00
   5.1435822e+00  -1.2383594e+01   4.0546482e+00
   5.3221042e+00  -1.2483038e+01   4.5109821e+00
   5.5006262e+00  -1.2582483e+01   4.9673160e+00
   5.6791482e+00  -1.2681928e+01   5.4236499e+00
   5.8576702e+00  -1.2781373e+01   5.8799839e+00
   6.0361922e+00  -1.2880818e+01   6.3363178e+00
   6.2147142e+00  -1.2980262e+01   6.7926517e+00
   6.3932361e+00  -1.3079707e+01   7.2489856e+00
   6.5717581e+00  -1.3179152e+01   7.7053195e+00
   4.6870935e+00  -1.1715466e+01   3.2831410e+00
   4.8656155e+00  -1.1814911e+01   3.7394750e+00
   5.0441374e+00  -1.1914355e+01   4.1958089e+00
   5.2226594e+00  -1.2013800e+01   4.6521428e+00
   5.4011814e+00  -1.2113245e+01   5.1084767e+00
   5.5797034e+00  -1.2212690e+01   5.5648106e+00
   5.7582254e+00  -1.2312135e+01   6.0211445e+00
   5.9367474e+00  -1.2411579e+01   6.4774784e+00
   6.1152694e+00  -1.2511024e+01   6.9338123e+00
   6.2937913e+00  -1.2610469e+01   7.3901462e+00
   6.4723133e+00  -1.2709914e+01   7.8464801e+00
   4.5876487e+00  -1.1246228e+01   3.4243017e+00
   4.7661707e+00  -1.1345673e+01   3.8806356e+00
   4.9446926e+00  -1.1445117e+01   4.3369695e+00
   5.1232146e+00  -1.1544562e+01   4.7933034e+00
   5.3017366e+00  -1.1644007e+01   5.2496373e+00
   5.4802586e+00  -1.1743452e+01   5.7059712e+00
   5.6587806e+00  -1.1842897e+01   6.1623051e+00
   5.8373026e+00  -1.1942341e+01   6.6186390e+00
   6.0158246e+00  -1.2041786e+01   7.0749729e+00
   6.1943465e+00  -1.2141231e+01   7.5313068e+00
   6.3728685e+00  -1.2240676e+01   7.9876407e+00
   4.4882039e+00  -1.0776990e+01   3.5654623e+00
   4.6667259e+00  -1.0876434e+01   4.0217962e+00
   4.8452478e+00  -1.0975879e+01   4.4781301e+00
   5.0237698e+00  -1.1075324e+01   4.9344640e+00
   5.2022918e+00  -1.1174769e+01   5.3907979e+00
   5.3808138e+00  -1.1274214e+01   5.8471318e+00
   5.5593358e+00  -1.1373658e+01   6.3034657e+00
   5.7378578e+00  -1.1473103e+01   6.7597996e+00
   5.9163798e+00  -1.1572548e+01   7.2161335e+00
   6.0949017e+00  -1.1671993e+01   7.6724674e+00
   6.2734237e+00  -1.1771438e+01   8.1288013e+00
   5.9389858e+00  -1.5328210e+01   2.0060960e+00
   6.1175078e+00  -1.5427655e+01   2.4624299e+00
   6.2960298e+00  -1.5527100e+01   2.9187638e+00
   6.4745518e+00  -1.5626545e+01   3.3750977e+00
   6.6530737e+00  -1.5725989e+01   3.8314316e+00
   6.8315957e+00  -1.5825434e+01   4.2877655e+00
   7.0101177e+00  -1.5924879e+01   4.7440994e+00
   7.1886397e+00  -1.6024324e+01   5.2004333e+00
   7.3671617e+00  -1.6123769e+01   5.6567672e+00
   7.5456837e+00  -1.6223213e+01   6.1131011e+00
   7.7242057e+00  -1.6322658e+01   6.5694350e+00
   5.8395410e+00  -1.4858972e+01   2.1472566e+00
   6.0180630e+00  -1.4958417e+01   2.6035905e+00
   6.1965850e+00  -1.5057862e+01   3.0599244e+00
   6.3751070e+00  -1.5157306e+01   3.5162583e+00
   6.5536289e+00  -1.5256751e+01   3.9725922e+00
   6.7321509e+00  -1.5356196e+01   4.4289261e+00
   6.9106729e+00  -1.5455641e+01   4.8852600e+00
   7.0891949e+00  -1.5555086e+01   5.3415939e+00
   7.2677169e+00  -1.5654530e+01   5.7979278e+00
   7.4462389e+00  -1.5753975e+01   6.2542618e+00
   7.6247609e+00  -1.5853420e+01   6.7105957e+00
   5.7400962e+00  -1.4389734e+01   2.2884172e+00
   5.9186182e+00  -1.4489179e+01   2.7447511e+00
   6.0971402e+00  -1.4588624e+01   3.2010850e+00
   6.2756622e+00  -1.4688068e+01   3.6574189e+00
   6.4541841e+00  -1.4787513e+01   4.1137528e+00
   6.6327061e+00  -1.4886958e+01   4.5700868e+00
   6.8112281e+00  -1.4986403e+01   5.0264207e+00
   6.9897501e+00  -1.5085848e+01   5.4827546e+00
   7.1682721e+00  -1.5185292e+01   5.9390885e+00
   7.3467941e+00  -1.5284737e+01   6.3954224e+00
   7.5253161e+00  -1.5384182e+01   6.8517563e+00
   5.6406514e+00  -1.3920496e+01   2.4295779e+00
   5.8191734e+00  -1.4019941e+01   2.8859118e+00
   5.9976954e+00  -1.4119385e+01   3.3422457e+00
   6.1762174e+00  -1.4218830e+01   3.7985796e+00
   6.3547393e+00  -1.4318275e+01   4.2549135e+00
   6.5332613e+00  -1.4417720e+01   4.7112474e+00
   6.7117833e+00  -1.4517165e+01   5.1675813e+00
   6.8903053e+00  -1.4616609e+01   5.6239152e+00
   7.0688273e+00  -1.4716054e+01   6.0802491e+00
   7.2473493e+00  -1.4815499e+01   6.5365830e+00
   7.4258713e+00  -1.4914944e+01   6.9929169e+00
   5.5412066e+00  -1.3451258e+01   2.5707385e+00
   5.7197286e+00  -1.3550702e+01   3.0270724e+00
   5.8982506e+00  -1.3650147e+01   3.4834063e+00
   6.0767725e+00  -1.3749592e+01   3.9397402e+00
   6.2552945e+00  -1.3849037e+01   4.3960741e+00
   6.4338165e+00  -1.3948482e+01   4.8524080e+00
   6.6123385e+00  -1.4047927e+01   5.3087419e+00
   6.7908605e+00  -1.4147371e+01   5.7650758e+00
   6.9693825e+00  -1.4246816e+01   6.2214097e+00
   7.1479045e+00  -1.4346261e+01   6.6777436e+00
   7.3264264e+00  -1.4445706e+01   7.1340775e+00
   5.4417618e+00  -1.2982020e+01   2.7118991e+00
   5.6202838e+00  -1.3081464e+01   3.1682330e+00
   5.7988058e+00  -1.3180909e+01   3.6245669e+00
   5.9773277e+00  -1.3280354e+01   4.0809008e+00
   6.1558497e+00  -1.3379799e+01   4.5372347e+00
   6.3343717e+00  -1.3479244e+01   4.9935686e+00
   6.5128937e+00  -1.3578688e+01   5.4499025e+00
   6.6914157e+00  -1.3678133e+01   5.9062364e+00
   6.8699377e+00  -1.3777578e+01   6.3625703e+00
   7.0484597e+00  -1.3877023e+01   6.8189042e+00
   7.2269816e+00  -1.3976468e+01   7.2752381e+00
   5.3423170e+00  -1.2512781e+01   2.8530597e+00
   5.5208390e+00  -1.2612226e+01   3.3093936e+00
   5.6993610e+00  -1.2711671e+01   3.7657275e+00
   5.8778829e+00  -1.2811116e+01   4.2220614e+00
   6.0564049e+00  -1.2910561e+01   4.6783953e+00
   6.2349269e+00  -1.3010005e+01   5.1347292e+00
   6.4134489e+00  -1.3109450e+01   5.5910631e+00
   6.5919709e+00  -1.3208895e+01   6.0473970e+00
   6.7704929e+00  -1.3308340e+01   6.5037309e+00
   6.9490149e+00  -1.3407785e+01   6.9600648e+00
   7.1275368e+00  -1.3507229e+01   7.4163987e+00
   5.2428722e+00  -1.2043543e+01   2.9942203e+00
   5.4213942e+00  -1.2142988e+01   3.4505542e+00
   5.5999162e+00  -1.2242433e+01   3.9068881e+00
   5.7784381e+00  -1.2341878e+01   4.3632220e+00
   5.9569601e+00  -1.2441323e+01   4.8195559e+00
   6.1354821e+00  -1.2540767e+01   5.2758898e+00
   6.3140041e+00  -1.2640212e+01   5.7322237e+00
   6.4925261e+00  -1.2739657e+01   6.1885577e+00
   6.6710481e+00  -1.2839102e+01   6.6448916e+00
   6.8495701e+00  -1.2938547e+01   7.1012255e+00
   7.0280920e+00  -1.3037991e+01   7.5575594e+00
   5.1434274e+00  -1.1574305e+01   3.1353809e+00
   5.3219494e+00  -1.1673750e+01   3.5917148e+00
   5.5004713e+00  -1.1773195e+01   4.0480488e+00
   5.6789933e+00  -1.1872640e+01   4.5043827e+00
   5.8575153e+00  -1.1972084e+01   4.9607166e+00
   6.0360373e+00  -1.2071529e+01   5.4170505e+00
   6.2145593e+00  -1.2170974e+01   5.8733844e+00
   6.3930813e+00  -1.2270419e+01   6.3297183e+00
   6.5716033e+00  -1.2369864e+01   6.7860522e+00
   6.7501252e+00  -1.2469308e+01   7.2423861e+00
   6.9286472e+00  -1.2568753e+01   7.6987200e+00
   5.0439826e+00  -1.1105067e+01   3.2765416e+00
   5.2225046e+00  -1.1204512e+01   3.7328755e+00
   5.4010265e+00  -1.1303957e+01   4.1892094e+00
   5.5795485e+00  -1.1403402e+01   4.6455433e+00
   5.7580705e+00  -1.1502846e+01   5.1018772e+00
   5.9365925e+00  -1.1602291e+01   5.5582111e+00
   6.1151145e+00  -1.1701736e+01   6.0145450e+00
   6.2936365e+00  -1.1801181e+01   6.4708789e+00
   6.4721585e+00  -1.1900626e+01   6.9272128e+00
   6.6506804e+00  -1.2000070e+01   7.3835467e+00
   6.8292024e+00  -1.2099515e+01   7.8398806e+00
   4.9445378e+00  -1.0635829e+01   3.4177022e+00
   5.1230598e+00  -1.0735274e+01   3.8740361e+00
   5.3015817e+00  -1.0834719e+01   4.3303700e+00
   5.4801037e+00  -1.0934163e+01   4.7867039e+00
   5.6586257e+00  -1.1033608e+01   5.2430378e+00
   5.8371477e+00  -1.1133053e+01   5.6993717e+00
   6.0156697e+00  -1.1232498e+01   6.1557056e+00
   6.1941917e+00  -1.1331943e+01   6.6120395e+00
   6.3727137e+00  -1.1431387e+01   7.0683734e+00
   6.5512356e+00  -1.1530832e+01   7.5247073e+00
   6.7297576e+00  -1.1630277e+01   7.9810412e+00
   6.3953197e+00  -1.5187050e+01   1.8583359e+00
   6.5738417e+00  -1.5286494e+01   2.3146698e+00
   6.7523637e+00  -1.5385939e+01   2.7710037e+00
   6.9308857e+00  -1.5485384e+01   3.2273376e+00
   7.1094076e+00  -1.5584829e+01   3.6836715e+00
   7.2879296e+00  -1.5684274e+01   4.1400054e+00
   7.4664516e+00  -1.5783718e+01   4.5963393e+00
   7.6449736e+00  -1.5883163e+01   5.0526732e+00
   7.8234956e+00  -1.5982608e+01   5.5090071e+00
   8.0020176e+00  -1.6082053e+01   5.9653410e+00
   8.1805396e+00  -1.6181498e+01   6.4216749e+00
   6.2958749e+00  -1.4717811e+01   1.9994965e+00
   6.4743969e+00  -1.4817256e+01   2.4558304e+00
   6.6529189e+00  -1.4916701e+01   2.9121643e+00
   6.8314409e+00  -1.5016146e+01   3.3684982e+00
   7.0099628e+00  -1.5115591e+01   3.8248321e+00
   7.1884848e+00  -1.5215035e+01   4.2811660e+00
   7.3670068e+00  -1.5314480e+01   4.7374999e+00
   7.5455288e+00  -1.5413925e+01   5.1938338e+00
   7.7240508e+00  -1.5513370e+01   5.6501677e+00
   7.9025728e+00  -1.5612815e+01   6.1065016e+00
   8.0810948e+00  -1.5712259e+01   6.5628356e+00
   6.1964301e+00  -1.4248573e+01   2.1406571e+00
   6.3749521e+00  -1.4348018e+01   2.5969910e+00
   6.5534741e+00  -1.4447463e+01   3.0533249e+00
   6.7319961e+00  -1.4546908e+01   3.5096588e+00
   6.9105180e+00  -1.4646353e+01   3.9659927e+00
   7.0890400e+00  -1.4745797e+01   4.4223267e+00
   7.2675620e+00  -1.4845242e+01   4.8786606e+00
   7.4460840e+00  -1.4944687e+01   5.3349945e+00
   7.6246060e+00  -1.5044132e+01   5.7913284e+00
   7.8031280e+00  -1.5143577e+01   6.2476623e+00
   7.9816500e+00  -1.5243021e+01   6.7039962e+00
   6.0969853e+00  -1.3779335e+01   2.2818178e+00
   6.2755073e+00  -1.3878780e+01   2.7381517e+00
   6.4540293e+00  -1.3978225e+01   3.1944856e+00
   6.6325513e+00  -1.4077670e+01   3.6508195e+00
   6.8110732e+00  -1.4177114e+01   4.1071534e+00
   6.9895952e+00  -1.4276559e+01   4.5634873e+00
   7.1681172e+00  -1.4376004e+01   5.0198212e+00
   7.3466392e+00  -1.4475449e+01   5.4761551e+00
   7.5251612e+00  -1.4574894e+01   5.9324890e+00
   7.7036832e+00  -1.4674338e+01   6.3888229e+00
   7.8822052e+00  -1.4773783e+01   6.8451568e+00
   5.9975405e+00  -1.3310097e+01   2.4229784e+00
   6.1760625e+00  -1.3409542e+01   2.8793123e+00
   6.3545845e+00  -1.3508987e+01   3.3356462e+00
   6.5331065e+00  -1.3608431e+01   3.7919801e+00
   6.7116284e+00  -1.3707876e+01   4.2483140e+00
   6.8901504e+00  -1.3807321e+01   4.7046479e+00
   7.0686724e+00  -1.3906766e+01   5.1609818e+00
   7.2471944e+00  -1.4006211e+01   5.6173157e+00
   7.4257164e+00  -1.4105655e+01   6.0736496e+00
   7.6042384e+00  -1.4205100e+01   6.5299835e+00
   7.7827604e+00  -1.4304545e+01   6.9863174e+00
   5.8980957e+00  -1.2840859e+01   2.5641390e+00
   6.0766177e+00  -1.2940304e+01   3.0204729e+00
   6.2551397e+00  -1.3039749e+01   3.4768068e+00
   6.4336616e+00  -1.3139193e+01   3.9331407e+00
   6.6121836e+00  -1.3238638e+01   4.3894746e+00
   6.7907056e+00  -1.3338083e+01   4.8458085e+00
   6.9692276e+00  -1.3437528e+01   5.3021424e+00
   7.1477496e+00  -1.3536973e+01   5.7584763e+00
   7.3262716e+00  -1.3636417e+01   6.2148102e+00
   7.5047936e+00  -1.3735862e+01   6.6711441e+00
   7.6833155e+00  -1.3835307e+01   7.1274780e+00
   5.7986509e+00  -1.2371621e+01   2.7052996e+00
   5.9771729e+00  -1.2471066e+01   3.1616335e+00
   6.1556949e+00  -1.2570510e+01   3.6179674e+00
   6.3342168e+00  -1.2669955e+01   4.0743013e+00
   6.5127388e+00  -1.2769400e+01   4.5306352e+00
   6.6912608e+00  -1.2868845e+01   4.9869691e+00
   6.8697828e+00  -1.2968290e+01   5.4433030e+00
   7.0483048e+00  -1.3067734e+01   5.8996369e+00
   7.2268268e+00  -1.3167179e+01   6.3559708e+00
   7.4053488e+00  -1.3266624e+01   6.8123047e+00
   7.5838707e+00  -1.3366069e+01   7.2686386e+00
   5.6992061e+00  -1.1902383e+01   2.8464602e+00
   5.8777281e+00  -1.2001828e+01   3.3027941e+00
   6.0562501e+00  -1.2101272e+01   3.7591280e+00
   6.2347720e+00  -1.2200717e+01   4.2154619e+00
   6.4132940e+00  -1.2300162e+01   4.6717958e+00
   6.5918160e+00  -1.2399607e+01   5.1281297e+00
   6.7703380e+00  -1.2499052e+01   5.5844636e+00
   6.9488600e+00  -1.2598496e+01   6.0407975e+00
   7.1273820e+00  -1.2697941e+01   6.4971315e+00
   7.3059040e+00  -1.2797386e+01   6.9534654e+00
   7.4844259e+00  -1.2896831e+01   7.4097993e+00
   5.5997613e+00  -1.1433145e+01   2.9876208e+00
   5.7782833e+00  -1.1532589e+01   3.4439547e+00
   5.9568053e+00  -1.1632034e+01   3.9002886e+00
   6.1353272e+00  -1.1731479e+01   4.3566226e+00
   6.3138492e+00  -1.1830924e+01   4.8129565e+00
   6.4923712e+00  -1.1930369e+01   5.2692904e+00
   6.6708932e+00  -1.2029813e+01   5.7256243e+00
   6.8494152e+00  -1.2129258e+01   6.1819582e+00
   7.0279372e+00  -1.2228703e+01   6.6382921e+00
   7.2064592e+00  -1.2328148e+01   7.0946260e+00
   7.3849811e+00  -1.2427593e+01   7.5509599e+00
   5.5003165e+00  -1.0963906e+01   3.1287815e+00
   5.6788385e+00  -1.1063351e+01   3.5851154e+00
   5.8573604e+00  -1.1162796e+01   4.0414493e+00
   6.0358824e+00  -1.1262241e+01   4.4977832e+00
   6.2144044e+00  -1.1361686e+01   4.9541171e+00
   6.3929264e+00  -1.1461130e+01   5.4104510e+00
   6.5714484e+00  -1.1560575e+01   5.8667849e+00
   6.7499704e+00  -1.1660020e+01   6.3231188e+00
   6.9284924e+00  -1.1759465e+01   6.7794527e+00
   7.1070143e+00  -1.1858910e+01   7.2357866e+00
   7.2855363e+00  -1.1958355e+01   7.6921205e+00
   5.4008717e+00  -1.0494668e+01   3.2699421e+00
   5.5793937e+00  -1.0594113e+01   3.7262760e+00
   5.7579156e+00  -1.0693558e+01   4.1826099e+00
   5.9364376e+00  -1.0793003e+01   4.6389438e+00
   6.1149596e+00  -1.0892448e+01   5.0952777e+00
   6.2934816e+00  -1.0991892e+01   5.5516116e+00
   6.4720036e+00  -1.1091337e+01   6.0079455e+00
   6.6505256e+00  -1.1190782e+01   6.4642794e+00
   6.8290476e+00  -1.1290227e+01   6.9206133e+00
   7.0075695e+00  -1.1389672e+01   7.3769472e+00
   7.1860915e+00  -1.1489116e+01   7.8332811e+00
   6.8516536e+00  -1.5045889e+01   1.7105758e+00
   7.0301756e+00  -1.5145334e+01   2.1669097e+00
   7.2086976e+00  -1.5244779e+01   2.6232436e+00
   7.3872196e+00  -1.5344223e+01   3.0795775e+00
   7.5657416e+00  -1.5443668e+01   3.5359114e+00
   7.7442635e+00  -1.5543113e+01   3.9922453e+00
   7.9227855e+00  -1.5642558e+01   4.4485792e+00
   8.1013075e+00  -1.5742003e+01   4.9049131e+00
   8.2798295e+00  -1.5841447e+01   5.3612470e+00
   8.4583515e+00  -1.5940892e+01   5.8175809e+00
   8.6368735e+00  -1.6040337e+01   6.2739148e+00
   6.7522088e+00  -1.4576651e+01   1.8517364e+00
   6.9307308e+00  -1.4676096e+01   2.3080703e+00
   7.1092528e+00  -1.4775540e+01   2.7644042e+00
   7.2877748e+00  -1.4874985e+01   3.2207381e+00
   7.4662967e+00  -1.4974430e+01   3.6770720e+00
   7.6448187e+00  -1.5073875e+01   4.1334059e+00
   7.8233407e+00  -1.5173320e+01   4.5897398e+00
   8.0018627e+00  -1.5272764e+01   5.0460737e+00
   8.1803847e+00  -1.5372209e+01   5.5024076e+00
   8.3589067e+00  -1.5471654e+01   5.9587415e+00
   8.5374287e+00  -1.5571099e+01   6.4150754e+00
   6.6527640e+00  -1.4107413e+01   1.9928970e+00
   6.8312860e+00  -1.4206857e+01   2.4492309e+00
   7.0098080e+00  -1.4306302e+01   2.9055648e+00
   7.1883300e+00  -1.4405747e+01   3.3618987e+00
   7.3668519e+00  -1.4505192e+01   3.8182326e+00
   7.5453739e+00  -1.4604637e+01   4.2745665e+00
   7.7238959e+00  -1.4704082e+01   4.7309005e+00
   7.9024179e+00  -1.4803526e+01   5.1872344e+00
   8.0809399e+00  -1.4902971e+01   5.6435683e+00
   8.2594619e+00  -1.5002416e+01   6.0999022e+00
   8.4379839e+00  -1.5101861e+01   6.5562361e+00
   6.5533192e+00  -1.3638175e+01   2.1340576e+00
   6.7318412e+00  -1.3737619e+01   2.5903916e+00
   6.9103632e+00  -1.3837064e+01   3.0467255e+00
   7.0888852e+00  -1.3936509e+01   3.5030594e+00
   7.2674071e+00  -1.4035954e+01   3.9593933e+00
   7.4459291e+00  -1.4135399e+01   4.4157272e+00
   7.6244511e+00  -1.4234843e+01   4.8720611e+00
   7.8029731e+00  -1.4334288e+01   5.3283950e+00
   7.9814951e+00  -1.4433733e+01   5.7847289e+00
   8.1600171e+00  -1.4533178e+01   6.2410628e+00
   8.3385391e+00  -1.4632623e+01   6.6973967e+00
   6.4538744e+00  -1.3168936e+01   2.2752183e+00
   6.6323964e+00  -1.3268381e+01   2.7315522e+00
   6.8109184e+00  -1.3367826e+01   3.1878861e+00
   6.9894404e+00  -1.3467271e+01   3.6442200e+00
   7.1679623e+00  -1.3566716e+01   4.1005539e+00
   7.3464843e+00  -1.3666160e+01   4.5568878e+00
   7.5250063e+00  -1.3765605e+01   5.0132217e+00
   7.7035283e+00  -1.3865050e+01   5.4695556e+00
   7.8820503e+00  -1.3964495e+01   5.9258895e+00
   8.0605723e+00  -1.4063940e+01   6.3822234e+00
   8.2390943e+00  -1.4163384e+01   6.8385573e+00
   6.3544296e+00  -1.2699698e+01   2.4163789e+00
   6.5329516e+00  -1.2799143e+01   2.8727128e+00
   6.7114736e+00  -1.2898588e+01   3.3290467e+00
   6.8899956e+00  -1.2998033e+01   3.7853806e+00
   7.0685175e+00  -1.3097478e+01   4.2417145e+00
   7.2470395e+00  -1.3196922e+01   4.6980484e+00
   7.4255615e+00  -1.3296367e+01   5.1543823e+00
   7.6040835e+00  -1.3395812e+01   5.6107162e+00
   7.7826055e+00  -1.3495257e+01   6.0670501e+00
   7.9611275e+00  -1.3594702e+01   6.5233840e+00
   8.1396495e+00  -1.3694146e+01   6.9797179e+00
   6.2549848e+00  -1.2230460e+01   2.5575395e+00
   6.4335068e+00  -1.2329905e+01   3.0138734e+00
   6.6120288e+00  -1.2429350e+01   3.4702073e+00
   6.7905507e+00  -1.2528795e+01   3.9265412e+00
   6.9690727e+00  -1.2628239e+01   4.3828751e+00
   7.1475947e+00  -1.2727684e+01   4.8392090e+00
   7.3261167e+00  -1.2827129e+01   5.2955429e+00
   7.5046387e+00  -1.2926574e+01   5.7518768e+00
   7.6831607e+00  -1.3026019e+01   6.2082107e+00
   7.8616827e+00  -1.3125463e+01   6.6645446e+00
   8.0402046e+00  -1.3224908e+01   7.1208785e+00
   6.1555400e+00  -1.1761222e+01   2.6987001e+00
   6.3340620e+00  -1.1860667e+01   3.1550340e+00
   6.5125840e+00  -1.1960112e+01   3.6113679e+00
   6.6911059e+00  -1.2059557e+01   4.0677018e+00
   6.8696279e+00  -1.2159001e+01   4.5240357e+00
   7.0481499e+00  -1.2258446e+01   4.9803696e+00
   7.2266719e+00  -1.2357891e+01   5.4367035e+00
   7.4051939e+00  -1.2457336e+01   5.8930374e+00
   7.5837159e+00  -1.2556781e+01   6.3493713e+00
   7.7622379e+00  -1.2656225e+01   6.8057053e+00
   7.9407598e+00  -1.2755670e+01   7.2620392e+00
   6.0560952e+00  -1.1291984e+01   2.8398607e+00
   6.2346172e+00  -1.1391429e+01   3.2961946e+00
   6.4131392e+00  -1.1490874e+01   3.7525285e+00
   6.5916611e+00  -1.1590318e+01   4.2088624e+00
   6.7701831e+00  -1.1689763e+01   4.6651964e+00
   6.9487051e+00  -1.1789208e+01   5.1215303e+00
   7.1272271e+00  -1.1888653e+01   5.5778642e+00
   7.3057491e+00  -1.1988098e+01   6.0341981e+00
   7.4842711e+00  -1.2087542e+01   6.4905320e+00
   7.6627931e+00  -1.2186987e+01   6.9468659e+00
   7.8413150e+00  -1.2286432e+01   7.4031998e+00
   5.9566504e+00  -1.0822746e+01   2.9810214e+00
   6.1351724e+00  -1.0922191e+01   3.4373553e+00
   6.3136944e+00  -1.1021635e+01   3.8936892e+00
   6.4922163e+00  -1.1121080e+01   4.3500231e+00
   6.6707383e+00  -1.1220525e+01   4.8063570e+00
   6.8492603e+00  -1.1319970e+01   5.2626909e+00
   7.0277823e+00  -1.1419415e+01   5.7190248e+00
   7.2063043e+00  -1.1518859e+01   6.1753587e+00
   7.3848263e+00  -1.1618304e+01   6.6316926e+00
   7.5633483e+00  -1.1717749e+01   7.0880265e+00
   7.7418702e+00  -1.1817194e+01   7.5443604e+00
   5.8572056e+00  -1.0353508e+01   3.1221820e+00
   6.0357276e+00  -1.0452953e+01   3.5785159e+00
   6.2142495e+00  -1.0552397e+01   4.0348498e+00
   6.3927715e+00  -1.0651842e+01   4.4911837e+00
   6.5712935e+00  -1.0751287e+01   4.9475176e+00
   6.7498155e+00  -1.0850732e+01   5.4038515e+00
   6.9283375e+00  -1.0950177e+01   5.8601854e+00
   7.1068595e+00  -1.1049621e+01   6.3165193e+00
   7.2853815e+00  -1.1149066e+01   6.7728532e+00
   7.4639034e+00  -1.1248511e+01   7.2291871e+00
   7.6424254e+00  -1.1347956e+01   7.6855210e+00
   7.3079875e+00  -1.4904728e+01   1.5628157e+00
   7.4865095e+00  -1.5004173e+01   2.0191496e+00
   7.6650315e+00  -1.5103618e+01   2.4754835e+00
   7.8435535e+00  -1.5203063e+01   2.9318174e+00
   8.0220755e+00  -1.5302508e+01   3.3881513e+00
   8.2005974e+00  -1.5401952e+01   3.8444852e+00
   8.3791194e+00  -1.5501397e+01   4.3008191e+00
   8.5576414e+00  -1.5600842e+01   4.7571530e+00
   8.7361634e+00  -1.5700287e+01   5.2134869e+00
   8.9146854e+00  -1.5799732e+01   5.6698208e+00
   9.0932074e+00  -1.5899176e+01   6.1261547e+00
   7.2085427e+00  -1.4435490e+01   1.7039763e+00
   7.3870647e+00  -1.4534935e+01   2.1603102e+00
   7.5655867e+00  -1.4634380e+01   2.6166441e+00
   7.7441087e+00  -1.4733825e+01   3.0729780e+00
   7.9226307e+00  -1.4833269e+01   3.5293119e+00
   8.1011526e+00  -1.4932714e+01   3.9856458e+00
   8.2796746e+00  -1.5032159e+01   4.4419797e+00
   8.4581966e+00  -1.5131604e+01   4.8983136e+00
   8.6367186e+00  -1.5231049e+01   5.3546475e+00
   8.8152406e+00  -1.5330493e+01   5.8109814e+00
   8.9937626e+00  -1.5429938e+01   6.2673153e+00
   7.1090979e+00  -1.3966252e+01   1.8451369e+00
   7.2876199e+00  -1.4065697e+01   2.3014708e+00
   7.4661419e+00  -1.4165142e+01   2.7578047e+00
   7.6446639e+00  -1.4264586e+01   3.2141386e+00
   7.8231859e+00  -1.4364031e+01   3.6704725e+00
   8.0017078e+00  -1.4463476e+01   4.1268064e+00
   8.1802298e+00  -1.4562921e+01   4.5831403e+00
   8.3587518e+00  -1.4662366e+01   5.0394743e+00
   8.5372738e+00  -1.4761810e+01   5.4958082e+00
   8.7157958e+00  -1.4861255e+01   5.9521421e+00
   8.8943178e+00  -1.4960700e+01   6.4084760e+00
   7.0096531e+00  -1.3497014e+01   1.9862975e+00
   7.1881751e+00  -1.3596459e+01   2.4426314e+00
   7.3666971e+00  -1.3695904e+01   2.8989654e+00
   7.5452191e+00  -1.3795348e+01   3.3552993e+00
   7.7237410e+00  -1.3894793e+01   3.8116332e+00
   7.9022630e+00  -1.3994238e+01   4.2679671e+00
   8.0807850e+00  -1.4093683e+01   4.7243010e+00
   8.2593070e+00  -1.4193128e+01   5.1806349e+00
   8.4378290e+00  -1.4292572e+01   5.6369688e+00
   8.6163510e+00  -1.4392017e+01   6.0933027e+00
   8.7948730e+00  -1.4491462e+01   6.5496366e+00
   6.9102083e+00  -1.3027776e+01   2.1274582e+00
   7.0887303e+00  -1.3127221e+01   2.5837921e+00
   7.2672523e+00  -1.3226665e+01   3.0401260e+00
   7.4457743e+00  -1.3326110e+01   3.4964599e+00
   7.6242962e+00  -1.3425555e+01   3.9527938e+00
   7.8028182e+00  -1.3525000e+01   4.4091277e+00
   7.9813402e+00  -1.3624445e+01   4.8654616e+00
   8.1598622e+00  -1.3723889e+01   5.3217955e+00
   8.3383842e+00  -1.3823334e+01   5.7781294e+00
   8.5169062e+00  -1.3922779e+01   6.2344633e+00
   8.6954282e+00  -1.4022224e+01   6.6907972e+00
   6.8107635e+00  -1.2558538e+01   2.2686188e+00
   6.9892855e+00  -1.2657983e+01   2.7249527e+00
   7.1678075e+00  -1.2757427e+01   3.1812866e+00
   7.3463295e+00  -1.2856872e+01   3.6376205e+00
   7.5248514e+00  -1.2956317e+01   4.0939544e+00
   7.7033734e+00  -1.3055762e+01   4.5502883e+00
   7.8818954e+00  -1.3155207e+01   5.0066222e+00
   8.0604174e+00  -1.3254651e+01   5.4629561e+00
   8.2389394e+00  -1.3354096e+01   5.9192900e+00
   8.4174614e+00  -1.3453541e+01   6.3756239e+00
   8.5959834e+00  -1.3552986e+01   6.8319578e+00
   6.7113187e+00  -1.2089300e+01   2.4097794e+00
   6.8898407e+00  -1.2188744e+01   2.8661133e+00
   7.0683627e+00  -1.2288189e+01   3.3224472e+00
   7.2468847e+00  -1.2387634e+01   3.7787811e+00
   7.4254066e+00  -1.2487079e+01   4.2351150e+00
   7.6039286e+00  -1.2586524e+01   4.6914489e+00
   7.7824506e+00  -1.2685968e+01   5.1477828e+00
   7.9609726e+00  -1.2785413e+01   5.6041167e+00
   8.1394946e+00  -1.2884858e+01   6.0604506e+00
   8.3180166e+00  -1.2984303e+01   6.5167845e+00
   8.4965386e+00  -1.3083748e+01   6.9731184e+00
   6.6118739e+00  -1.1620061e+01   2.5509400e+00
   6.7903959e+00  -1.1719506e+01   3.0072739e+00
   6.9689179e+00  -1.1818951e+01   3.4636078e+00
   7.1474398e+00  -1.1918396e+01   3.9199417e+00
   7.3259618e+00  -1.2017841e+01   4.3762756e+00
   7.5044838e+00  -1.2117285e+01   4.8326095e+00
   7.6830058e+00  -1.2216730e+01   5.2889434e+00
   7.8615278e+00  -1.2316175e+01   5.7452773e+00
   8.0400498e+00  -1.2415620e+01   6.2016112e+00
   8.2185718e+00  -1.2515065e+01   6.6579452e+00
   8.3970937e+00  -1.2614510e+01   7.1142791e+00
   6.5124291e+00  -1.1150823e+01   2.6921006e+00
   6.6909511e+00  -1.1250268e+01   3.1484345e+00
   6.8694731e+00  -1.1349713e+01   3.6047684e+00
   7.0479950e+00  -1.1449158e+01   4.0611023e+00
   7.2265170e+00  -1.1548603e+01   4.5174363e+00
   7.4050390e+00  -1.1648047e+01   4.9737702e+00
   7.5835610e+00  -1.1747492e+01   5.4301041e+00
   7.7620830e+00  -1.1846937e+01   5.8864380e+00
   7.9406050e+00  -1.1946382e+01   6.3427719e+00
   8.1191270e+00  -1.2045827e+01   6.7991058e+00
   8.2976489e+00  -1.2145271e+01   7.2554397e+00
   6.4129843e+00  -1.0681585e+01   2.8332613e+00
   6.5915063e+00  -1.0781030e+01   3.2895952e+00
   6.7700283e+00  -1.0880475e+01   3.7459291e+00
   6.9485502e+00  -1.0979920e+01   4.2022630e+00
   7.1270722e+00  -1.1079364e+01   4.6585969e+00
   7.3055942e+00  -1.1178809e+01   5.1149308e+00
   7.4841162e+00  -1.1278254e+01   5.5712647e+00
   7.6626382e+00  -1.1377699e+01   6.0275986e+00
   7.8411602e+00  -1.1477144e+01   6.4839325e+00
   8.0196822e+00  -1.1576588e+01   6.9402664e+00
   8.1982041e+00  -1.1676033e+01   7.3966003e+00
   6.3135395e+00  -1.0212347e+01   2.9744219e+00
   6.4920615e+00  -1.0311792e+01   3.4307558e+00
   6.6705835e+00  -1.0411237e+01   3.8870897e+00
   6.8491054e+00  -1.0510682e+01   4.3434236e+00
   7.0276274e+00  -1.0610126e+01   4.7997575e+00
   7.2061494e+00  -1.0709571e+01   5.2560914e+00
   7.3846714e+00  -1.0809016e+01   5.7124253e+00
   7.5631934e+00  -1.0908461e+01   6.1687592e+00
   7.7417154e+00  -1.1007906e+01   6.6250931e+00
   7.9202374e+00  -1.1107350e+01   7.0814270e+00
   8.0987593e+00  -1.1206795e+01   7.5377609e+00
   7.7643214e+00  -1.4763568e+01   1.4150556e+00
   7.9428434e+00  -1.4863012e+01   1.8713895e+00
   8.1213654e+00  -1.4962457e+01   2.3277234e+00
   8.2998874e+00  -1.5061902e+01   2.7840573e+00
   8.4784094e+00  -1.5161347e+01   3.2403912e+00
   8.6569313e+00  -1.5260792e+01   3.6967251e+00
   8.8354533e+00  -1.5360236e+01   4.1530590e+00
   9.0139753e+00  -1.5459681e+01   4.6093929e+00
   9.1924973e+00  -1.5559126e+01   5.0657268e+00
   9.3710193e+00  -1.5658571e+01   5.5220607e+00
   9.5495413e+00  -1.5758016e+01   5.9783946e+00
   7.6648766e+00  -1.4294330e+01   1.5562162e+00
   7.8433986e+00  -1.4393774e+01   2.0125501e+00
   8.0219206e+00  -1.4493219e+01   2.4688840e+00
   8.2004426e+00  -1.4592664e+01   2.9252179e+00
   8.3789646e+00  -1.4692109e+01   3.3815518e+00
   8.5574865e+00  -1.4791554e+01   3.8378857e+00
   8.7360085e+00  -1.4890998e+01   4.2942196e+00
   8.9145305e+00  -1.4990443e+01   4.7505535e+00
   9.0930525e+00  -1.5089888e+01   5.2068874e+00
   9.2715745e+00  -1.5189333e+01   5.6632213e+00
   9.4500965e+00  -1.5288778e+01   6.1195552e+00
   7.5654318e+00  -1.3825091e+01   1.6973768e+00
   7.7439538e+00  -1.3924536e+01   2.1537107e+00
   7.9224758e+00  -1.4023981e+01   2.6100446e+00
   8.1009978e+00  -1.4123426e+01   3.0663785e+00
   8.2795198e+00  -1.4222871e+01   3.5227124e+00
   8.4580417e+00  -1.4322315e+01   3.9790463e+00
   8.6365637e+00  -1.4421760e+01   4.4353802e+00
   8.8150857e+00  -1.4521205e+01   4.8917141e+00
   8.9936077e+00  -1.4620650e+01   5.3480481e+00
   9.1721297e+00  -1.4720095e+01   5.8043820e+00
   9.3506517e+00  -1.4819539e+01   6.2607159e+00
   7.4659870e+00  -1.3355853e+01   1.8385374e+00
   7.6445090e+00  -1.3455298e+01   2.2948713e+00
   7.8230310e+00  -1.3554743e+01   2.7512052e+00
   8.0015530e+00  -1.3654188e+01   3.2075392e+00
   8.1800750e+00  -1.3753633e+01   3.6638731e+00
   8.3585969e+00  -1.3853077e+01   4.1202070e+00
   8.5371189e+00  -1.3952522e+01   4.5765409e+00
   8.7156409e+00  -1.4051967e+01   5.0328748e+00
   8.8941629e+00  -1.4151412e+01   5.4892087e+00
   9.0726849e+00  -1.4250857e+01   5.9455426e+00
   9.2512069e+00  -1.4350301e+01   6.4018765e+00
   7.3665422e+00  -1.2886615e+01   1.9796981e+00
   7.5450642e+00  -1.2986060e+01   2.4360320e+00
   7.7235862e+00  -1.3085505e+01   2.8923659e+00
   7.9021082e+00  -1.3184950e+01   3.3486998e+00
   8.0806301e+00  -1.3284394e+01   3.8050337e+00
   8.2591521e+00  -1.3383839e+01   4.2613676e+00
   8.4376741e+00  -1.3483284e+01   4.7177015e+00
   8.6161961e+00  -1.3582729e+01   5.1740354e+00
   8.7947181e+00  -1.3682174e+01   5.6303693e+00
   8.9732401e+00  -1.3781618e+01   6.0867032e+00
   9.1517621e+00  -1.3881063e+01   6.5430371e+00
   7.2670974e+00  -1.2417377e+01   2.1208587e+00
   7.4456194e+00  -1.2516822e+01   2.5771926e+00
   7.6241414e+00  -1.2616267e+01   3.0335265e+00
   7.8026634e+00  -1.2715712e+01   3.4898604e+00
   7.9811853e+00  -1.2815156e+01   3.9461943e+00
   8.1597073e+00  -1.2914601e+01   4.4025282e+00
   8.3382293e+00  -1.3014046e+01   4.8588621e+00
   8.5167513e+00  -1.3113491e+01   5.3151960e+00
   8.6952733e+00  -1.3212936e+01   5.7715299e+00
   8.8737953e+00  -1.3312380e+01   6.2278638e+00
   9.0523173e+00  -1.3411825e+01   6.6841977e+00
   7.1676526e+00  -1.1948139e+01   2.2620193e+00
   7.3461746e+00  -1.2047584e+01   2.7183532e+00
   7.5246966e+00  -1.2147029e+01   3.1746871e+00
   7.7032186e+00  -1.2246473e+01   3.6310210e+00
   7.8817405e+00  -1.2345918e+01   4.0873549e+00
   8.0602625e+00  -1.2445363e+01   4.5436888e+00
   8.2387845e+00  -1.2544808e+01   5.0000227e+00
   8.4173065e+00  -1.2644253e+01   5.4563566e+00
   8.5958285e+00  -1.2743697e+01   5.9126905e+00
   8.7743505e+00  -1.2843142e+01   6.3690244e+00
   8.9528725e+00  -1.2942587e+01   6.8253583e+00
   7.0682078e+00  -1.1478901e+01   2.4031799e+00
   7.2467298e+00  -1.1578346e+01   2.8595138e+00
   7.4252518e+00  -1.1677790e+01   3.3158477e+00
   7.6037738e+00  -1.1777235e+01   3.7721816e+00
   7.7822957e+00  -1.1876680e+01   4.2285155e+00
   7.9608177e+00  -1.1976125e+01   4.6848494e+00
   8.1393397e+00  -1.2075570e+01   5.1411833e+00
   8.3178617e+00  -1.2175014e+01   5.5975172e+00
   8.4963837e+00  -1.2274459e+01   6.0538511e+00
   8.6749057e+00  -1.2373904e+01   6.5101850e+00
   8.8534277e+00  -1.2473349e+01   6.9665190e+00
   6.9687630e+00  -1.1009663e+01   2.5443405e+00
   7.1472850e+00  -1.1109108e+01   3.0006744e+00
   7.3258070e+00  -1.1208552e+01   3.4570083e+00
   7.5043289e+00  -1.1307997e+01   3.9133422e+00
   7.6828509e+00  -1.1407442e+01   4.3696761e+00
   7.8613729e+00  -1.1506887e+01   4.8260101e+00
   8.0398949e+00  -1.1606332e+01   5.2823440e+00
   8.2184169e+00  -1.1705776e+01   5.7386779e+00
   8.3969389e+00  -1.1805221e+01   6.1950118e+00
   8.5754609e+00  -1.1904666e+01   6.6513457e+00
   8.7539828e+00  -1.2004111e+01   7.1076796e+00
   6.8693182e+00  -1.0540425e+01   2.6855012e+00
   7.0478402e+00  -1.0639869e+01   3.1418351e+00
   7.2263622e+00  -1.0739314e+01   3.5981690e+00
   7.4048841e+00  -1.0838759e+01   4.0545029e+00
   7.5834061e+00  -1.0938204e+01   4.5108368e+00
   7.7619281e+00  -1.1037649e+01   4.9671707e+00
   7.9404501e+00  -1.1137093e+01   5.4235046e+00
   8.1189721e+00  -1.1236538e+01   5.8798385e+00
   8.2974941e+00  -1.1335983e+01   6.3361724e+00
   8.4760161e+00  -1.1435428e+01   6.7925063e+00
   8.6545380e+00  -1.1534873e+01   7.2488402e+00
   6.7698734e+00  -1.0071187e+01   2.8266618e+00
   6.9483954e+00  -1.0170631e+01   3.2829957e+00
   7.1269174e+00  -1.0270076e+01   3.7393296e+00
   7.3054393e+00  -1.0369521e+01   4.1956635e+00
   7.4839613e+00  -1.0468966e+01   4.6519974e+00
   7.6624833e+00  -1.0568411e+01   5.1083313e+00
   7.8410053e+00  -1.0667855e+01   5.5646652e+00
   8.0195273e+00  -1.0767300e+01   6.0209991e+00
   8.1980493e+00  -1.0866745e+01   6.4773330e+00
   8.3765713e+00  -1.0966190e+01   6.9336669e+00
   8.5550932e+00  -1.1065635e+01   7.3900008e+00
   8.2206553e+00  -1.4622407e+01   1.2672955e+00
   8.3991773e+00  -1.4721852e+01   1.7236294e+00
   8.5776993e+00  -1.4821297e+01   2.1799633e+00
   8.7562213e+00  -1.4920741e+01   2.6362972e+00
   8.9347433e+00  -1.5020186e+01   3.0926311e+00
   9.1132652e+00  -1.5119631e+01   3.5489650e+00
   9.2917872e+00  -1.5219076e+01   4.0052989e+00
   9.4703092e+00  -1.5318521e+01   4.4616328e+00
   9.6488312e+00  -1.5417965e+01   4.9179667e+00
   9.8273532e+00  -1.5517410e+01   5.3743006e+00
   1.0005875e+01  -1.5616855e+01   5.8306345e+00
   8.1212105e+00  -1.4153169e+01   1.4084561e+00
   8.2997325e+00  -1.4252614e+01   1.8647900e+00
   8.4782545e+00  -1.4352059e+01   2.3211239e+00
   8.6567765e+00  -1.4451503e+01   2.7774578e+00
   8.8352985e+00  -1.4550948e+01   3.2337917e+00
   9.0138204e+00  -1.4650393e+01   3.6901256e+00
   9.1923424e+00  -1.4749838e+01   4.1464595e+00
   9.3708644e+00  -1.4849283e+01   4.6027934e+00
   9.5493864e+00  -1.4948727e+01   5.0591273e+00
   9.7279084e+00  -1.5048172e+01   5.5154612e+00
   9.9064304e+00  -1.5147617e+01   5.9717951e+00
   8.0217657e+00  -1.3683931e+01   1.5496167e+00
   8.2002877e+00  -1.3783376e+01   2.0059506e+00
   8.3788097e+00  -1.3882820e+01   2.4622845e+00
   8.5573317e+00  -1.3982265e+01   2.9186184e+00
   8.7358537e+00  -1.4081710e+01   3.3749523e+00
   8.9143756e+00  -1.4181155e+01   3.8312862e+00
   9.0928976e+00  -1.4280600e+01   4.2876201e+00
   9.2714196e+00  -1.4380044e+01   4.7439540e+00
   9.4499416e+00  -1.4479489e+01   5.2002879e+00
   9.6284636e+00  -1.4578934e+01   5.6566219e+00
   9.8069856e+00  -1.4678379e+01   6.1129558e+00
   7.9223209e+00  -1.3214693e+01   1.6907773e+00
   8.1008429e+00  -1.3314138e+01   2.1471112e+00
   8.2793649e+00  -1.3413582e+01   2.6034451e+00
   8.4578869e+00  -1.3513027e+01   3.0597790e+00
   8.6364089e+00  -1.3612472e+01   3.5161130e+00
   8.8149308e+00  -1.3711917e+01   3.9724469e+00
   8.9934528e+00  -1.3811362e+01   4.4287808e+00
   9.1719748e+00  -1.3910806e+01   4.8851147e+00
   9.3504968e+00  -1.4010251e+01   5.3414486e+00
   9.5290188e+00  -1.4109696e+01   5.7977825e+00
   9.7075408e+00  -1.4209141e+01   6.2541164e+00
   7.8228761e+00  -1.2745455e+01   1.8319380e+00
   8.0013981e+00  -1.2844899e+01   2.2882719e+00
   8.1799201e+00  -1.2944344e+01   2.7446058e+00
   8.3584421e+00  -1.3043789e+01   3.2009397e+00
   8.5369641e+00  -1.3143234e+01   3.6572736e+00
   8.7154860e+00  -1.3242679e+01   4.1136075e+00
   8.8940080e+00  -1.3342123e+01   4.5699414e+00
   9.0725300e+00  -1.3441568e+01   5.0262753e+00
   9.2510520e+00  -1.3541013e+01   5.4826092e+00
   9.4295740e+00  -1.3640458e+01   5.9389431e+00
   9.6080960e+00  -1.3739903e+01   6.3952770e+00
   7.7234313e+00  -1.2276216e+01   1.9730986e+00
   7.9019533e+00  -1.2375661e+01   2.4294325e+00
   8.0804753e+00  -1.2475106e+01   2.8857664e+00
   8.2589973e+00  -1.2574551e+01   3.3421003e+00
   8.4375192e+00  -1.2673996e+01   3.7984342e+00
   8.6160412e+00  -1.2773440e+01   4.2547681e+00
   8.7945632e+00  -1.2872885e+01   4.7111020e+00
   8.9730852e+00  -1.2972330e+01   5.1674359e+00
   9.1516072e+00  -1.3071775e+01   5.6237698e+00
   9.3301292e+00  -1.3171220e+01   6.0801037e+00
   9.5086512e+00  -1.3270665e+01   6.5364376e+00
   7.6239865e+00  -1.1806978e+01   2.1142592e+00
   7.8025085e+00  -1.1906423e+01   2.5705931e+00
   7.9810305e+00  -1.2005868e+01   3.0269270e+00
   8.1595525e+00  -1.2105313e+01   3.4832609e+00
   8.3380744e+00  -1.2204758e+01   3.9395948e+00
   8.5165964e+00  -1.2304202e+01   4.3959287e+00
   8.6951184e+00  -1.2403647e+01   4.8522626e+00
   8.8736404e+00  -1.2503092e+01   5.3085965e+00
   9.0521624e+00  -1.2602537e+01   5.7649304e+00
   9.2306844e+00  -1.2701982e+01   6.2212643e+00
   9.4092064e+00  -1.2801426e+01   6.6775982e+00
   7.5245417e+00  -1.1337740e+01   2.2554198e+00
   7.7030637e+00  -1.1437185e+01   2.7117537e+00
   7.8815857e+00  -1.1536630e+01   3.1680876e+00
   8.0601077e+00  -1.1636075e+01   3.6244215e+00
   8.2386296e+00  -1.1735519e+01   4.0807554e+00
   8.4171516e+00  -1.1834964e+01   4.5370893e+00
   8.5956736e+00  -1.1934409e+01   4.9934232e+00
   8.7741956e+00  -1.2033854e+01   5.4497571e+00
   8.9527176e+00  -1.2133299e+01   5.9060910e+00
   9.1312396e+00  -1.2232743e+01   6.3624249e+00
   9.3097616e+00  -1.2332188e+01   6.8187588e+00
   7.4250969e+00  -1.0868502e+01   2.3965804e+00
   7.6036189e+00  -1.0967947e+01   2.8529143e+00
   7.7821409e+00  -1.1067392e+01   3.3092482e+00
   7.9606629e+00  -1.1166837e+01   3.7655821e+00
   8.1391848e+00  -1.1266281e+01   4.2219160e+00
   8.3177068e+00  -1.1365726e+01   4.6782499e+00
   8.4962288e+00  -1.1465171e+01   5.1345839e+00
   8.6747508e+00  -1.1564616e+01   5.5909178e+00
   8.8532728e+00  -1.1664061e+01   6.0472517e+00
   9.0317948e+00  -1.1763505e+01   6.5035856e+00
   9.2103168e+00  -1.1862950e+01   6.9599195e+00
   7.3256521e+00  -1.0399264e+01   2.5377410e+00
   7.5041741e+00  -1.0498709e+01   2.9940750e+00
   7.6826961e+00  -1.0598154e+01   3.4504089e+00
   7.8612180e+00  -1.0697598e+01   3.9067428e+00
   8.0397400e+00  -1.0797043e+01   4.3630767e+00
   8.2182620e+00  -1.0896488e+01   4.8194106e+00
   8.3967840e+00  -1.0995933e+01   5.2757445e+00
   8.5753060e+00  -1.1095378e+01   5.7320784e+00
   8.7538280e+00  -1.1194822e+01   6.1884123e+00
   8.9323500e+00  -1.1294267e+01   6.6447462e+00
   9.1108719e+00  -1.1393712e+01   7.1010801e+00
   7.2262073e+00  -9.9300259e+00   2.6789017e+00
   7.4047293e+00  -1.0029471e+01   3.1352356e+00
   7.5832513e+00  -1.0128915e+01   3.5915695e+00
   7.7617732e+00  -1.0228360e+01   4.0479034e+00
   7.9402952e+00  -1.0327805e+01   4.5042373e+00
   8.1188172e+00  -1.0427250e+01   4.9605712e+00
   8.2973392e+00  -1.0526695e+01   5.4169051e+00
   8.4758612e+00  -1.0626140e+01   5.8732390e+00
   8.6543832e+00  -1.0725584e+01   6.3295729e+00
   8.8329052e+00  -1.0825029e+01   6.7859068e+00
   9.0114271e+00  -1.0924474e+01   7.2422407e+00
   8.6769892e+00  -1.4481246e+01   1.1195354e+00
   8.8555112e+00  -1.4580691e+01   1.5758693e+00
   9.0340332e+00  -1.4680136e+01   2.0322032e+00
   9.2125552e+00  -1.4779581e+01   2.4885371e+00
   9.3910772e+00  -1.4879026e+01   2.9448710e+00
   9.5695992e+00  -1.4978470e+01   3.4012049e+00
   9.7481211e+00  -1.5077915e+01   3.8575388e+00
   9.9266431e+00  -1.5177360e+01   4.3138727e+00
   1.0105165e+01  -1.5276805e+01   4.7702066e+00
   1.0283687e+01  -1.5376250e+01   5.2265405e+00
   1.0462209e+01  -1.5475694e+01   5.6828744e+00
   8.5775444e+00  -1.4012008e+01   1.2606960e+00
   8.7560664e+00  -1.4111453e+01   1.7170299e+00
   8.9345884e+00  -1.4210898e+01   2.1733638e+00
   9.1131104e+00  -1.4310343e+01   2.6296977e+00
   9.2916324e+00  -1.4409788e+01   3.0860316e+00
   9.4701544e+00  -1.4509232e+01   3.5423655e+00
   9.6486763e+00  -1.4608677e+01   3.9986994e+00
   9.8271983e+00  -1.4708122e+01   4.4550333e+00
   1.0005720e+01  -1.4807567e+01   4.9113672e+00
   1.0184242e+01  -1.4907012e+01   5.3677011e+00
   1.0362764e+01  -1.5006456e+01   5.8240350e+00
   8.4780996e+00  -1.3542770e+01   1.4018566e+00
   8.6566216e+00  -1.3642215e+01   1.8581905e+00
   8.8351436e+00  -1.3741660e+01   2.3145244e+00
   9.0136656e+00  -1.3841105e+01   2.7708583e+00
   9.1921876e+00  -1.3940549e+01   3.2271922e+00
   9.3707095e+00  -1.4039994e+01   3.6835261e+00
   9.5492315e+00  -1.4139439e+01   4.1398600e+00
   9.7277535e+00  -1.4238884e+01   4.5961939e+00
   9.9062755e+00  -1.4338329e+01   5.0525278e+00
   1.0084797e+01  -1.4437773e+01   5.5088617e+00
   1.0263319e+01  -1.4537218e+01   5.9651957e+00
   8.3786548e+00  -1.3073532e+01   1.5430172e+00
   8.5571768e+00  -1.3172977e+01   1.9993511e+00
   8.7356988e+00  -1.3272422e+01   2.4556850e+00
   8.9142208e+00  -1.3371866e+01   2.9120189e+00
   9.0927428e+00  -1.3471311e+01   3.3683528e+00
   9.2712647e+00  -1.3570756e+01   3.8246868e+00
   9.4497867e+00  -1.3670201e+01   4.2810207e+00
   9.6283087e+00  -1.3769646e+01   4.7373546e+00
   9.8068307e+00  -1.3869091e+01   5.1936885e+00
   9.9853527e+00  -1.3968535e+01   5.6500224e+00
   1.0163875e+01  -1.4067980e+01   6.1063563e+00
   8.2792100e+00  -1.2604294e+01   1.6841779e+00
   8.4577320e+00  -1.2703739e+01   2.1405118e+00
   8.6362540e+00  -1.2803184e+01   2.5968457e+00
   8.8147760e+00  -1.2902628e+01   3.0531796e+00
   8.9932980e+00  -1.3002073e+01   3.5095135e+00
   9.1718199e+00  -1.3101518e+01   3.9658474e+00
   9.3503419e+00  -1.3200963e+01   4.4221813e+00
   9.5288639e+00  -1.3300408e+01   4.8785152e+00
   9.7073859e+00  -1.3399852e+01   5.3348491e+00
   9.8859079e+00  -1.3499297e+01   5.7911830e+00
   1.0064430e+01  -1.3598742e+01   6.2475169e+00
   8.1797652e+00  -1.2135056e+01   1.8253385e+00
   8.3582872e+00  -1.2234501e+01   2.2816724e+00
   8.5368092e+00  -1.2333945e+01   2.7380063e+00
   8.7153312e+00  -1.2433390e+01   3.1943402e+00
   8.8938532e+00  -1.2532835e+01   3.6506741e+00
   9.0723751e+00  -1.2632280e+01   4.1070080e+00
   9.2508971e+00  -1.2731725e+01   4.5633419e+00
   9.4294191e+00  -1.2831169e+01   5.0196758e+00
   9.6079411e+00  -1.2930614e+01   5.4760097e+00
   9.7864631e+00  -1.3030059e+01   5.9323436e+00
   9.9649851e+00  -1.3129504e+01   6.3886775e+00
   8.0803204e+00  -1.1665818e+01   1.9664991e+00
   8.2588424e+00  -1.1765263e+01   2.4228330e+00
   8.4373644e+00  -1.1864707e+01   2.8791669e+00
   8.6158864e+00  -1.1964152e+01   3.3355008e+00
   8.7944083e+00  -1.2063597e+01   3.7918347e+00
   8.9729303e+00  -1.2163042e+01   4.2481686e+00
   9.1514523e+00  -1.2262487e+01   4.7045025e+00
   9.3299743e+00  -1.2361931e+01   5.1608364e+00
   9.5084963e+00  -1.2461376e+01   5.6171703e+00
   9.6870183e+00  -1.2560821e+01   6.0735042e+00
   9.8655403e+00  -1.2660266e+01   6.5298381e+00
   7.9808756e+00  -1.1196580e+01   2.1076597e+00
   8.1593976e+00  -1.1296024e+01   2.5639936e+00
   8.3379196e+00  -1.1395469e+01   3.0203275e+00
   8.5164416e+00  -1.1494914e+01   3.4766614e+00
   8.6949635e+00  -1.1594359e+01   3.9329953e+00
   8.8734855e+00  -1.1693804e+01   4.3893292e+00
   9.0520075e+00  -1.1793248e+01   4.8456631e+00
   9.2305295e+00  -1.1892693e+01   5.3019970e+00
   9.4090515e+00  -1.1992138e+01   5.7583309e+00
   9.5875735e+00  -1.2091583e+01   6.2146648e+00
   9.7660955e+00  -1.2191028e+01   6.6709987e+00
   7.8814308e+00  -1.0727342e+01   2.2488203e+00
   8.0599528e+00  -1.0826786e+01   2.7051542e+00
   8.2384748e+00  -1.0926231e+01   3.1614881e+00
   8.4169968e+00  -1.1025676e+01   3.6178220e+00
   8.5955187e+00  -1.1125121e+01   4.0741559e+00
   8.7740407e+00  -1.1224566e+01   4.5304898e+00
   8.9525627e+00  -1.1324010e+01   4.9868237e+00
   9.1310847e+00  -1.1423455e+01   5.4431577e+00
   9.3096067e+00  -1.1522900e+01   5.8994916e+00
   9.4881287e+00  -1.1622345e+01   6.3558255e+00
   9.6666507e+00  -1.1721790e+01   6.8121594e+00
   7.7819860e+00  -1.0258103e+01   2.3899809e+00
   7.9605080e+00  -1.0357548e+01   2.8463148e+00
   8.1390300e+00  -1.0456993e+01   3.3026488e+00
   8.3175520e+00  -1.0556438e+01   3.7589827e+00
   8.4960739e+00  -1.0655883e+01   4.2153166e+00
   8.6745959e+00  -1.0755327e+01   4.6716505e+00
   8.8531179e+00  -1.0854772e+01   5.1279844e+00
   9.0316399e+00  -1.0954217e+01   5.5843183e+00
   9.2101619e+00  -1.1053662e+01   6.0406522e+00
   9.3886839e+00  -1.1153107e+01   6.4969861e+00
   9.5672059e+00  -1.1252551e+01   6.9533200e+00
   7.6825412e+00  -9.7888653e+00   2.5311416e+00
   7.8610632e+00  -9.8883101e+00   2.9874755e+00
   8.0395852e+00  -9.9877549e+00   3.4438094e+00
   8.2181071e+00  -1.0087200e+01   3.9001433e+00
   8.3966291e+00  -1.0186644e+01   4.3564772e+00
   8.5751511e+00  -1.0286089e+01   4.8128111e+00
   8.7536731e+00  -1.0385534e+01   5.2691450e+00
   8.9321951e+00  -1.0484979e+01   5.7254789e+00
   9.1107171e+00  -1.0584424e+01   6.1818128e+00
   9.2892391e+00  -1.0683868e+01   6.6381467e+00
   9.4677611e+00  -1.0783313e+01   7.0944806e+00
   9.1333231e+00  -1.4340086e+01   9.7177528e-01
   9.3118451e+00  -1.4439531e+01   1.4281092e+00
   9.4903671e+00  -1.4538975e+01   1.8844431e+00
   9.6688891e+00  -1.4638420e+01   2.3407770e+00
   9.8474111e+00  -1.4737865e+01   2.7971109e+00
   1.0025933e+01  -1.4837310e+01   3.2534448e+00
   1.0204455e+01  -1.4936755e+01   3.7097787e+00
   1.0382977e+01  -1.5036199e+01   4.1661126e+00
   1.0561499e+01  -1.5135644e+01   4.6224465e+00
   1.0740021e+01  -1.5235089e+01   5.0787804e+00
   1.0918543e+01  -1.5334534e+01   5.5351143e+00
   9.0338783e+00  -1.3870848e+01   1.1129359e+00
   9.2124003e+00  -1.3970293e+01   1.5692698e+00
   9.3909223e+00  -1.4069737e+01   2.0256037e+00
   9.5694443e+00  -1.4169182e+01   2.4819376e+00
   9.7479663e+00  -1.4268627e+01   2.9382715e+00
   9.9264883e+00  -1.4368072e+01   3.3946054e+00
   1.0105010e+01  -1.4467517e+01   3.8509393e+00
   1.0283532e+01  -1.4566961e+01   4.3072732e+00
   1.0462054e+01  -1.4666406e+01   4.7636071e+00
   1.0640576e+01  -1.4765851e+01   5.2199410e+00
   1.0819098e+01  -1.4865296e+01   5.6762749e+00
   8.9344335e+00  -1.3401610e+01   1.2540965e+00
   9.1129555e+00  -1.3501054e+01   1.7104304e+00
   9.2914775e+00  -1.3600499e+01   2.1667643e+00
   9.4699995e+00  -1.3699944e+01   2.6230982e+00
   9.6485215e+00  -1.3799389e+01   3.0794321e+00
   9.8270435e+00  -1.3898834e+01   3.5357660e+00
   1.0005565e+01  -1.3998278e+01   3.9920999e+00
   1.0184087e+01  -1.4097723e+01   4.4484338e+00
   1.0362609e+01  -1.4197168e+01   4.9047677e+00
   1.0541131e+01  -1.4296613e+01   5.3611016e+00
   1.0719653e+01  -1.4396058e+01   5.8174355e+00
   8.8349887e+00  -1.2932371e+01   1.3952571e+00
   9.0135107e+00  -1.3031816e+01   1.8515910e+00
   9.1920327e+00  -1.3131261e+01   2.3079249e+00
   9.3705547e+00  -1.3230706e+01   2.7642588e+00
   9.5490767e+00  -1.3330151e+01   3.2205927e+00
   9.7275986e+00  -1.3429595e+01   3.6769266e+00
   9.9061206e+00  -1.3529040e+01   4.1332606e+00
   1.0084643e+01  -1.3628485e+01   4.5895945e+00
   1.0263165e+01  -1.3727930e+01   5.0459284e+00
   1.0441687e+01  -1.3827375e+01   5.5022623e+00
   1.0620209e+01  -1.3926820e+01   5.9585962e+00
   8.7355439e+00  -1.2463133e+01   1.5364177e+00
   8.9140659e+00  -1.2562578e+01   1.9927517e+00
   9.0925879e+00  -1.2662023e+01   2.4490856e+00
   9.2711099e+00  -1.2761468e+01   2.9054195e+00
   9.4496319e+00  -1.2860913e+01   3.3617534e+00
   9.6281538e+00  -1.2960357e+01   3.8180873e+00
   9.8066758e+00  -1.3059802e+01   4.2744212e+00
   9.9851978e+00  -1.3159247e+01   4.7307551e+00
   1.0163720e+01  -1.3258692e+01   5.1870890e+00
   1.0342242e+01  -1.3358137e+01   5.6434229e+00
   1.0520764e+01  -1.3457581e+01   6.0997568e+00
   8.6360991e+00  -1.1993895e+01   1.6775784e+00
   8.8146211e+00  -1.2093340e+01   2.1339123e+00
   8.9931431e+00  -1.2192785e+01   2.5902462e+00
   9.1716651e+00  -1.2292230e+01   3.0465801e+00
   9.3501871e+00  -1.2391674e+01   3.5029140e+00
   9.5287090e+00  -1.2491119e+01   3.9592479e+00
   9.7072310e+00  -1.2590564e+01   4.4155818e+00
   9.8857530e+00  -1.2690009e+01   4.8719157e+00
   1.0064275e+01  -1.2789454e+01   5.3282496e+00
   1.0242797e+01  -1.2888898e+01   5.7845835e+00
   1.0421319e+01  -1.2988343e+01   6.2409174e+00
   8.5366543e+00  -1.1524657e+01   1.8187390e+00
   8.7151763e+00  -1.1624102e+01   2.2750729e+00
   8.8936983e+00  -1.1723547e+01   2.7314068e+00
   9.0722203e+00  -1.1822992e+01   3.1877407e+00
   9.2507423e+00  -1.1922436e+01   3.6440746e+00
   9.4292642e+00  -1.2021881e+01   4.1004085e+00
   9.6077862e+00  -1.2121326e+01   4.5567424e+00
   9.7863082e+00  -1.2220771e+01   5.0130763e+00
   9.9648302e+00  -1.2320216e+01   5.4694102e+00
   1.0143352e+01  -1.2419660e+01   5.9257441e+00
   1.0321874e+01  -1.2519105e+01   6.3820780e+00
   8.4372095e+00  -1.1055419e+01   1.9598996e+00
   8.6157315e+00  -1.1154864e+01   2.4162335e+00
   8.7942535e+00  -1.1254309e+01   2.8725674e+00
   8.9727755e+00  -1.1353753e+01   3.3289013e+00
   9.1512974e+00  -1.1453198e+01   3.7852352e+00
   9.3298194e+00  -1.1552643e+01   4.2415691e+00
   9.5083414e+00  -1.1652088e+01   4.6979030e+00
   9.6868634e+00  -1.1751533e+01   5.1542369e+00
   9.8653854e+00  -1.1850977e+01   5.6105708e+00
   1.0043907e+01  -1.1950422e+01   6.0669047e+00
   1.0222429e+01  -1.2049867e+01   6.5232386e+00
   8.3377647e+00  -1.0586181e+01   2.1010602e+00
   8.5162867e+00  -1.0685626e+01   2.5573941e+00
   8.6948087e+00  -1.0785070e+01   3.0137280e+00
   8.8733307e+00  -1.0884515e+01   3.4700619e+00
   9.0518526e+00  -1.0983960e+01   3.9263958e+00
   9.2303746e+00  -1.1083405e+01   4.3827297e+00
   9.4088966e+00  -1.1182850e+01   4.8390636e+00
   9.5874186e+00  -1.1282295e+01   5.2953975e+00
   9.7659406e+00  -1.1381739e+01   5.7517315e+00
   9.9444626e+00  -1.1481184e+01   6.2080654e+00
   1.0122985e+01  -1.1580629e+01   6.6643993e+00
   8.2383199e+00  -1.0116943e+01   2.2422208e+00
   8.4168419e+00  -1.0216388e+01   2.6985547e+00
   8.5953639e+00  -1.0315832e+01   3.1548886e+00
   8.7738859e+00  -1.0415277e+01   3.6112226e+00
   8.9524078e+00  -1.0514722e+01   4.0675565e+00
   9.1309298e+00  -1.0614167e+01   4.5238904e+00
   9.3094518e+00  -1.0713612e+01   4.9802243e+00
   9.4879738e+00  -1.0813056e+01   5.4365582e+00
   9.6664958e+00  -1.0912501e+01   5.8928921e+00
   9.8450178e+00  -1.1011946e+01   6.3492260e+00
   1.0023540e+01  -1.1111391e+01   6.8055599e+00
   8.1388751e+00  -9.6477046e+00   2.3833815e+00
   8.3173971e+00  -9.7471495e+00   2.8397154e+00
   8.4959191e+00  -9.8465943e+00   3.2960493e+00
   8.6744411e+00  -9.9460391e+00   3.7523832e+00
   8.8529630e+00  -1.0045484e+01   4.2087171e+00
   9.0314850e+00  -1.0144929e+01   4.6650510e+00
   9.2100070e+00  -1.0244373e+01   5.1213849e+00
   9.3885290e+00  -1.0343818e+01   5.5777188e+00
   9.5670510e+00  -1.0443263e+01   6.0340527e+00
   9.7455730e+00  -1.0542708e+01   6.4903866e+00
   9.9240950e+00  -1.0642153e+01   6.9467205e+00
   9.5896570e+00  -1.4198925e+01   8.2401517e-01
   9.7681790e+00  -1.4298370e+01   1.2803491e+00
   9.9467010e+00  -1.4397815e+01   1.7366830e+00
   1.0125223e+01  -1.4497260e+01   2.1930169e+00
   1.0303745e+01  -1.4596704e+01   2.6493508e+00
   1.0482267e+01  -1.4696149e+01   3.1056847e+00
   1.0660789e+01  -1.4795594e+01   3.5620186e+00
   1.0839311e+01  -1.4895039e+01   4.0183525e+00
   1.1017833e+01  -1.4994484e+01   4.4746864e+00
   1.1196355e+01  -1.5093928e+01   4.9310203e+00
   1.1374877e+01  -1.5193373e+01   5.3873542e+00
   9.4902122e+00  -1.3729687e+01   9.6517579e-01
   9.6687342e+00  -1.3829132e+01   1.4215097e+00
   9.8472562e+00  -1.3928577e+01   1.8778436e+00
   1.0025778e+01  -1.4028021e+01   2.3341775e+00
   1.0204300e+01  -1.4127466e+01   2.7905114e+00
   1.0382822e+01  -1.4226911e+01   3.2468453e+00
   1.0561344e+01  -1.4326356e+01   3.7031792e+00
   1.0739866e+01  -1.4425801e+01   4.1595131e+00
   1.0918388e+01  -1.4525246e+01   4.6158470e+00
   1.1096910e+01  -1.4624690e+01   5.0721809e+00
   1.1275432e+01  -1.4724135e+01   5.5285148e+00
   9.3907674e+00  -1.3260449e+01   1.1063364e+00
   9.5692894e+00  -1.3359894e+01   1.5626703e+00
   9.7478114e+00  -1.3459339e+01   2.0190042e+00
   9.9263334e+00  -1.3558783e+01   2.4753381e+00
   1.0104855e+01  -1.3658228e+01   2.9316720e+00
   1.0283377e+01  -1.3757673e+01   3.3880059e+00
   1.0461899e+01  -1.3857118e+01   3.8443398e+00
   1.0640421e+01  -1.3956563e+01   4.3006737e+00
   1.0818943e+01  -1.4056007e+01   4.7570076e+00
   1.0997465e+01  -1.4155452e+01   5.2133415e+00
   1.1175987e+01  -1.4254897e+01   5.6696754e+00
   9.2913226e+00  -1.2791211e+01   1.2474970e+00
   9.4698446e+00  -1.2890656e+01   1.7038309e+00
   9.6483666e+00  -1.2990100e+01   2.1601648e+00
   9.8268886e+00  -1.3089545e+01   2.6164987e+00
   1.0005411e+01  -1.3188990e+01   3.0728326e+00
   1.0183933e+01  -1.3288435e+01   3.5291665e+00
   1.0362455e+01  -1.3387880e+01   3.9855004e+00
   1.0540977e+01  -1.3487324e+01   4.4418344e+00
   1.0719499e+01  -1.3586769e+01   4.8981683e+00
   1.0898020e+01  -1.3686214e+01   5.3545022e+00
   1.1076542e+01  -1.3785659e+01   5.8108361e+00
   9.1918778e+00  -1.2321973e+01   1.3886576e+00
   9.3703998e+00  -1.2421418e+01   1.8449915e+00
   9.5489218e+00  -1.2520862e+01   2.3013255e+00
   9.7274438e+00  -1.2620307e+01   2.7576594e+00
   9.9059658e+00  -1.2719752e+01   3.2139933e+00
   1.0084488e+01  -1.2819197e+01   3.6703272e+00
   1.0263010e+01  -1.2918642e+01   4.1266611e+00
   1.0441532e+01  -1.3018086e+01   4.5829950e+00
   1.0620054e+01  -1.3117531e+01   5.0393289e+00
   1.0798576e+01  -1.3216976e+01   5.4956628e+00
   1.0977098e+01  -1.3316421e+01   5.9519967e+00
   9.0924330e+00  -1.1852735e+01   1.5298183e+00
   9.2709550e+00  -1.1952179e+01   1.9861522e+00
   9.4494770e+00  -1.2051624e+01   2.4424861e+00
   9.6279990e+00  -1.2151069e+01   2.8988200e+00
   9.8065210e+00  -1.2250514e+01   3.3551539e+00
   9.9850429e+00  -1.2349959e+01   3.8114878e+00
   1.0163565e+01  -1.2449403e+01   4.2678217e+00
   1.0342087e+01  -1.2548848e+01   4.7241556e+00
   1.0520609e+01  -1.2648293e+01   5.1804895e+00
   1.0699131e+01  -1.2747738e+01   5.6368234e+00
   1.0877653e+01  -1.2847183e+01   6.0931573e+00
   8.9929882e+00  -1.1383497e+01   1.6709789e+00
   9.1715102e+00  -1.1482941e+01   2.1273128e+00
   9.3500322e+00  -1.1582386e+01   2.5836467e+00
   9.5285542e+00  -1.1681831e+01   3.0399806e+00
   9.7070762e+00  -1.1781276e+01   3.4963145e+00
   9.8855981e+00  -1.1880721e+01   3.9526484e+00
   1.0064120e+01  -1.1980165e+01   4.4089823e+00
   1.0242642e+01  -1.2079610e+01   4.8653162e+00
   1.0421164e+01  -1.2179055e+01   5.3216501e+00
   1.0599686e+01  -1.2278500e+01   5.7779840e+00
   1.0778208e+01  -1.2377945e+01   6.2343179e+00
   8.8935434e+00  -1.0914258e+01   1.8121395e+00
   9.0720654e+00  -1.1013703e+01   2.2684734e+00
   9.2505874e+00  -1.1113148e+01   2.7248073e+00
   9.4291094e+00  -1.1212593e+01   3.1811412e+00
   9.6076314e+00  -1.1312038e+01   3.6374751e+00
   9.7861533e+00  -1.1411482e+01   4.0938090e+00
   9.9646753e+00  -1.1510927e+01   4.5501429e+00
   1.0143197e+01  -1.1610372e+01   5.0064768e+00
   1.0321719e+01  -1.1709817e+01   5.4628107e+00
   1.0500241e+01  -1.1809262e+01   5.9191446e+00
   1.0678763e+01  -1.1908706e+01   6.3754785e+00
   8.7940986e+00  -1.0445020e+01   1.9533001e+00
   8.9726206e+00  -1.0544465e+01   2.4096340e+00
   9.1511426e+00  -1.0643910e+01   2.8659679e+00
   9.3296646e+00  -1.0743355e+01   3.3223018e+00
   9.5081865e+00  -1.0842799e+01   3.7786357e+00
   9.6867085e+00  -1.0942244e+01   4.2349696e+00
   9.8652305e+00  -1.1041689e+01   4.6913035e+00
   1.0043753e+01  -1.1141134e+01   5.1476374e+00
   1.0222274e+01  -1.1240579e+01   5.6039713e+00
   1.0400796e+01  -1.1340023e+01   6.0603053e+00
   1.0579318e+01  -1.1439468e+01   6.5166392e+00
   8.6946538e+00  -9.9757821e+00   2.0944607e+00
   8.8731758e+00  -1.0075227e+01   2.5507946e+00
   9.0516978e+00  -1.0174672e+01   3.0071285e+00
   9.2302198e+00  -1.0274117e+01   3.4634624e+00
   9.4087417e+00  -1.0373561e+01   3.9197964e+00
   9.5872637e+00  -1.0473006e+01   4.3761303e+00
   9.7657857e+00  -1.0572451e+01   4.8324642e+00
   9.9443077e+00  -1.0671896e+01   5.2887981e+00
   1.0122830e+01  -1.0771341e+01   5.7451320e+00
   1.0301352e+01  -1.0870785e+01   6.2014659e+00
   1.0479874e+01  -1.0970230e+01   6.6577998e+00
   8.5952090e+00  -9.5065440e+00   2.2356214e+00
   8.7737310e+00  -9.6059888e+00   2.6919553e+00
   8.9522530e+00  -9.7054336e+00   3.1482892e+00
   9.1307750e+00  -9.8048784e+00   3.6046231e+00
   9.3092969e+00  -9.9043232e+00   4.0609570e+00
   9.4878189e+00  -1.0003768e+01   4.5172909e+00
   9.6663409e+00  -1.0103213e+01   4.9736248e+00
   9.8448629e+00  -1.0202658e+01   5.4299587e+00
   1.0023385e+01  -1.0302102e+01   5.8862926e+00
   1.0201907e+01  -1.0401547e+01   6.3426265e+00
   1.0380429e+01  -1.0500992e+01   6.7989604e+00
   1.0045991e+01  -1.4057765e+01   6.7625507e-01
   1.0224513e+01  -1.4157209e+01   1.1325890e+00
   1.0403035e+01  -1.4256654e+01   1.5889229e+00
   1.0581557e+01  -1.4356099e+01   2.0452568e+00
   1.0760079e+01  -1.4455544e+01   2.5015907e+00
   1.0938601e+01  -1.4554989e+01   2.9579246e+00
   1.1117123e+01  -1.4654433e+01   3.4142585e+00
   1.1295645e+01  -1.4753878e+01   3.8705924e+00
   1.1474167e+01  -1.4853323e+01   4.3269263e+00
   1.1652689e+01  -1.4952768e+01   4.7832602e+00
   1.1831211e+01  -1.5052213e+01   5.2395941e+00
   9.9465461e+00  -1.3588526e+01   8.1741569e-01
   1.0125068e+01  -1.3687971e+01   1.2737496e+00
   1.0303590e+01  -1.3787416e+01   1.7300835e+00
   1.0482112e+01  -1.3886861e+01   2.1864174e+00
   1.0660634e+01  -1.3986306e+01   2.6427513e+00
   1.0839156e+01  -1.4085750e+01   3.0990852e+00
   1.1017678e+01  -1.4185195e+01   3.5554191e+00
   1.1196200e+01  -1.4284640e+01   4.0117530e+00
   1.1374722e+01  -1.4384085e+01   4.4680869e+00
   1.1553244e+01  -1.4483530e+01   4.9244208e+00
   1.1731766e+01  -1.4582975e+01   5.3807547e+00
   9.8471013e+00  -1.3119288e+01   9.5857631e-01
   1.0025623e+01  -1.3218733e+01   1.4149102e+00
   1.0204145e+01  -1.3318178e+01   1.8712441e+00
   1.0382667e+01  -1.3417623e+01   2.3275780e+00
   1.0561189e+01  -1.3517068e+01   2.7839119e+00
   1.0739711e+01  -1.3616512e+01   3.2402458e+00
   1.0918233e+01  -1.3715957e+01   3.6965797e+00
   1.1096755e+01  -1.3815402e+01   4.1529136e+00
   1.1275277e+01  -1.3914847e+01   4.6092475e+00
   1.1453799e+01  -1.4014292e+01   5.0655814e+00
   1.1632321e+01  -1.4113736e+01   5.5219153e+00
   9.7476565e+00  -1.2650050e+01   1.0997369e+00
   9.9261785e+00  -1.2749495e+01   1.5560708e+00
   1.0104700e+01  -1.2848940e+01   2.0124047e+00
   1.0283222e+01  -1.2948385e+01   2.4687386e+00
   1.0461744e+01  -1.3047829e+01   2.9250725e+00
   1.0640266e+01  -1.3147274e+01   3.3814064e+00
   1.0818788e+01  -1.3246719e+01   3.8377403e+00
   1.0997310e+01  -1.3346164e+01   4.2940742e+00
   1.1175832e+01  -1.3445609e+01   4.7504082e+00
   1.1354354e+01  -1.3545053e+01   5.2067421e+00
   1.1532876e+01  -1.3644498e+01   5.6630760e+00
   9.6482117e+00  -1.2180812e+01   1.2408975e+00
   9.8267337e+00  -1.2280257e+01   1.6972314e+00
   1.0005256e+01  -1.2379702e+01   2.1535653e+00
   1.0183778e+01  -1.2479147e+01   2.6098993e+00
   1.0362300e+01  -1.2578591e+01   3.0662332e+00
   1.0540822e+01  -1.2678036e+01   3.5225671e+00
   1.0719344e+01  -1.2777481e+01   3.9789010e+00
   1.0897866e+01  -1.2876926e+01   4.4352349e+00
   1.1076388e+01  -1.2976371e+01   4.8915688e+00
   1.1254910e+01  -1.3075815e+01   5.3479027e+00
   1.1433432e+01  -1.3175260e+01   5.8042366e+00
   9.5487669e+00  -1.1711574e+01   1.3820582e+00
   9.7272889e+00  -1.1811019e+01   1.8383921e+00
   9.9058109e+00  -1.1910464e+01   2.2947260e+00
   1.0084333e+01  -1.2009908e+01   2.7510599e+00
   1.0262855e+01  -1.2109353e+01   3.2073938e+00
   1.0441377e+01  -1.2208798e+01   3.6637277e+00
   1.0619899e+01  -1.2308243e+01   4.1200616e+00
   1.0798421e+01  -1.2407688e+01   4.5763955e+00
   1.0976943e+01  -1.2507132e+01   5.0327294e+00
   1.1155465e+01  -1.2606577e+01   5.4890633e+00
   1.1333987e+01  -1.2706022e+01   5.9453972e+00
   9.4493221e+00  -1.1242336e+01   1.5232188e+00
   9.6278441e+00  -1.1341781e+01   1.9795527e+00
   9.8063661e+00  -1.1441225e+01   2.4358866e+00
   9.9848881e+00  -1.1540670e+01   2.8922205e+00
   1.0163410e+01  -1.1640115e+01   3.3485544e+00
   1.0341932e+01  -1.1739560e+01   3.8048883e+00
   1.0520454e+01  -1.1839005e+01   4.2612222e+00
   1.0698976e+01  -1.1938450e+01   4.7175561e+00
   1.0877498e+01  -1.2037894e+01   5.1738900e+00
   1.1056020e+01  -1.2137339e+01   5.6302239e+00
   1.1234542e+01  -1.2236784e+01   6.0865578e+00
   9.3498773e+00  -1.0773098e+01   1.6643794e+00
   9.5283993e+00  -1.0872543e+01   2.1207133e+00
   9.7069213e+00  -1.0971987e+01   2.5770472e+00
   9.8854433e+00  -1.1071432e+01   3.0333811e+00
   1.0063965e+01  -1.1170877e+01   3.4897150e+00
   1.0242487e+01  -1.1270322e+01   3.9460489e+00
   1.0421009e+01  -1.1369767e+01   4.4023828e+00
   1.0599531e+01  -1.1469211e+01   4.8587167e+00
   1.0778053e+01  -1.1568656e+01   5.3150506e+00
   1.0956575e+01  -1.1668101e+01   5.7713845e+00
   1.1135097e+01  -1.1767546e+01   6.2277184e+00
   9.2504325e+00  -1.0303860e+01   1.8055400e+00
   9.4289545e+00  -1.0403304e+01   2.2618739e+00
   9.6074765e+00  -1.0502749e+01   2.7182078e+00
   9.7859985e+00  -1.0602194e+01   3.1745417e+00
   9.9645205e+00  -1.0701639e+01   3.6308756e+00
   1.0143042e+01  -1.0801084e+01   4.0872095e+00
   1.0321564e+01  -1.0900528e+01   4.5435434e+00
   1.0500086e+01  -1.0999973e+01   4.9998773e+00
   1.0678608e+01  -1.1099418e+01   5.4562112e+00
   1.0857130e+01  -1.1198863e+01   5.9125451e+00
   1.1035652e+01  -1.1298308e+01   6.3688791e+00
   9.1509877e+00  -9.8346215e+00   1.9467006e+00
   9.3295097e+00  -9.9340663e+00   2.4030345e+00
   9.5080317e+00  -1.0033511e+01   2.8593684e+00
   9.6865537e+00  -1.0132956e+01   3.3157023e+00
   9.8650756e+00  -1.0232401e+01   3.7720362e+00
   1.0043598e+01  -1.0331846e+01   4.2283702e+00
   1.0222120e+01  -1.0431290e+01   4.6847041e+00
   1.0400642e+01  -1.0530735e+01   5.1410380e+00
   1.0579164e+01  -1.0630180e+01   5.5973719e+00
   1.0757686e+01  -1.0729625e+01   6.0537058e+00
   1.0936208e+01  -1.0829070e+01   6.5100397e+00
   9.0515429e+00  -9.3653834e+00   2.0878613e+00
   9.2300649e+00  -9.4648282e+00   2.5441952e+00
   9.4085869e+00  -9.5642730e+00   3.0005291e+00
   9.5871089e+00  -9.6637178e+00   3.4568630e+00
   9.7656308e+00  -9.7631626e+00   3.9131969e+00
   9.9441528e+00  -9.8626074e+00   4.3695308e+00
   1.0122675e+01  -9.9620522e+00   4.8258647e+00
   1.0301197e+01  -1.0061497e+01   5.2821986e+00
   1.0479719e+01  -1.0160942e+01   5.7385325e+00
   1.0658241e+01  -1.0260387e+01   6.1948664e+00
   1.0836763e+01  -1.0359831e+01   6.6512003e+00
