   3.0340065e+01  -3.0633039e+01
   2.7166421e+01  -3.1491243e+01
   2.8717241e+01  -3.1588955e+01
   2.8653582e+01  -3.0537889e+01
   2.8311340e+01  -3.2318827e+01
   2.8343920e+01  -3.0727416e+01
   2.8844738e+01  -2.7831924e+01
   2.8703699e+01  -3.2480095e+01
   2.9865302e+01  -3.1454285e+01
   2.8835899e+01  -3.0277172e+01
   2.8222588e+01  -3.1264054e+01
   2.9422467e+01  -3.1665275e+01
   2.8946362e+01  -3.1761469e+01
   2.8158197e+01  -3.0496649e+01
   2.5215307e+01  -3.2229605e+01
   2.8324816e+01  -2.6979424e+01
   2.8122709e+01  -3.0481760e+01
   2.8812627e+01  -3.2878297e+01
   2.7875981e+01  -3.3329409e+01
   2.7725355e+01  -3.1401381e+01
   2.8080053e+01  -3.1007828e+01
   2.7865398e+01  -3.3876994e+01
   2.5389872e+01  -3.1700186e+01
   2.8334073e+01  -3.3085075e+01
   2.9182639e+01  -3.1449419e+01
   2.7012462e+01  -3.1060754e+01
   2.7085722e+01  -3.1372024e+01
   2.8307410e+01  -3.3050694e+01
   2.8316332e+01  -3.2408955e+01
   2.5949685e+01  -3.2257699e+01
   2.7512261e+01  -3.4233844e+01
   2.7606304e+01  -3.1367724e+01
   2.7055020e+01  -3.1234489e+01
   2.7637754e+01  -3.1346596e+01
   2.7966818e+01  -3.1134213e+01
   2.6744740e+01  -3.1204906e+01
   2.7622337e+01  -2.9544666e+01
   2.6885879e+01  -2.9716474e+01
   2.4383291e+01  -2.8046297e+01
   2.5733405e+01  -3.1857330e+01
   2.6408096e+01  -3.0361553e+01
   2.6869475e+01  -3.0160093e+01
   2.7212791e+01  -3.2120518e+01
   2.2065340e+01  -3.5309901e+01
   2.5930302e+01  -3.4570006e+01
   2.6213017e+01  -3.1847407e+01
   2.7529477e+01  -2.8482611e+01
   2.2028501e+01  -3.2148729e+01
   2.3344590e+01  -2.9909319e+01
   2.1843802e+01  -3.3863823e+01
   2.8120054e+01  -3.1997234e+01
   2.7694358e+01  -3.1837611e+01
   2.4978843e+01  -3.6224424e+01
   2.7413173e+01  -3.2603193e+01
   2.6218674e+01  -3.0396861e+01
   2.5702851e+01  -3.4759962e+01
   2.6009035e+01  -3.7281223e+01
   2.5322870e+01  -3.5836881e+01
   2.5794502e+01  -3.5318410e+01
   2.5429455e+01  -3.4895409e+01
   2.6219386e+01  -3.7797780e+01
   2.6234316e+01  -3.6645574e+01
   2.6197290e+01  -3.7613195e+01
   2.5758808e+01  -3.6838944e+01
   2.5247403e+01  -3.4352984e+01
   2.3157751e+01  -3.4694127e+01
   2.5284545e+01  -3.2096236e+01
   2.3869951e+01  -3.3133378e+01
   2.5656365e+01  -3.4271934e+01
   2.6264857e+01  -3.4792720e+01
   2.7038358e+01  -3.0725928e+01
   2.6460545e+01  -3.2387248e+01
   2.7642442e+01  -3.2123979e+01
   2.5977243e+01  -3.2416083e+01
   2.5867270e+01  -3.1813944e+01
   2.5241345e+01  -3.3902002e+01
   2.4731667e+01  -3.5513675e+01
   2.4218524e+01  -3.5437021e+01
   2.7993374e+01  -3.2667008e+01
   2.6482618e+01  -3.3111203e+01
   2.6035956e+01  -3.4173823e+01
   2.6712178e+01  -3.2201238e+01
   2.6684504e+01  -3.1842573e+01
   2.4891652e+01  -3.3637000e+01
   2.5692817e+01  -3.2905982e+01
   2.2912774e+01  -3.7031127e+01
   2.3696542e+01  -3.7427097e+01
   2.7418456e+01  -3.3200662e+01
   2.6380892e+01  -3.5256187e+01
   2.5106656e+01  -3.6208621e+01
   2.5119435e+01  -3.6767356e+01
   2.6162816e+01  -3.3696513e+01
   2.4987179e+01  -3.4490262e+01
   2.3394901e+01  -3.8357970e+01
   2.6204975e+01  -3.7655836e+01
   2.5590145e+01  -3.6775909e+01
   2.4910205e+01  -3.8939814e+01
   2.5911922e+01  -3.5932312e+01
   2.5743232e+01  -3.3383748e+01
   2.4120179e+01  -3.6972767e+01
   2.4709500e+01  -3.3369152e+01
   2.3818628e+01  -3.8780314e+01
   2.2000463e+01  -4.3233017e+01
   2.3769486e+01  -4.0284000e+01
   2.3929800e+01  -4.2283220e+01
   2.2864840e+01  -4.3561732e+01
   2.3778121e+01  -4.2490528e+01
   2.5030198e+01  -3.9836039e+01
   2.3573392e+01  -4.2944611e+01
   2.2970931e+01  -4.4719276e+01
   2.4882797e+01  -4.5227480e+01
   2.4038973e+01  -4.5677012e+01
   2.4539164e+01  -4.3400469e+01
   2.4765135e+01  -4.1132812e+01
   1.8279346e+01  -4.8637123e+01
   1.9754654e+01  -4.7717020e+01
   2.3206023e+01  -4.1750634e+01
   2.1171648e+01  -4.6036007e+01
   2.2037051e+01  -4.6993049e+01
   2.3583587e+01  -4.2689903e+01
   2.2356560e+01  -4.4446960e+01
   2.2660975e+01  -4.3932977e+01
   2.4175441e+01  -4.0836712e+01
   2.3189051e+01  -4.5085532e+01
   2.2670514e+01  -3.8681792e+01
   2.2796966e+01  -3.9761687e+01
   1.7720167e+01  -4.4550083e+01
   1.9367588e+01  -4.3446813e+01
   2.1447119e+01  -4.1672488e+01
   2.4415526e+01  -4.2168184e+01
   2.4809886e+01  -3.9074709e+01
   2.4647540e+01  -3.9184280e+01
   2.4235900e+01  -3.6085243e+01
   2.4007545e+01  -3.6654316e+01
   2.3281008e+01  -3.8895765e+01
   2.7439119e+01  -4.0232447e+01
   2.6611876e+01  -3.9698078e+01
   2.5281820e+01  -4.0140237e+01
   2.5385758e+01  -3.7746201e+01
   2.8382847e+01  -3.9850652e+01
   2.7546208e+01  -3.9305864e+01
   2.7869881e+01  -4.0393775e+01
   2.5611956e+01  -4.4569284e+01
   2.6151031e+01  -4.3846705e+01
   2.5300047e+01  -4.2627866e+01
   2.7584353e+01  -4.3498532e+01
   2.6226152e+01  -4.0440642e+01
   2.6654693e+01  -4.0413850e+01
   2.4141791e+01  -3.8182265e+01
   2.5858884e+01  -3.4348167e+01
   2.5145292e+01  -3.6660122e+01
   2.4971731e+01  -3.6056172e+01
   2.7335637e+01  -3.5400778e+01
   2.8110653e+01  -3.6971039e+01
   2.6975657e+01  -3.4611695e+01
   2.5733892e+01  -3.7072550e+01
   2.5120164e+01  -3.3573650e+01
   2.4255819e+01  -3.3923429e+01
   2.1443361e+01  -3.4205110e+01
   2.1562522e+01  -3.3571560e+01
   2.5337159e+01  -3.4980902e+01
   2.4997189e+01  -3.3369172e+01
   2.1727018e+01  -3.6215494e+01
   2.2273588e+01  -3.4864946e+01
   2.1028875e+01  -3.5489885e+01
   2.1894320e+01  -3.2110860e+01
   2.2206409e+01  -3.1398946e+01
   2.2825611e+01  -3.0932595e+01
   2.3042101e+01  -3.1018155e+01
   2.2222570e+01  -2.9974667e+01
   2.4154834e+01  -2.9732482e+01
   2.2879713e+01  -3.3736782e+01
   2.2425634e+01  -3.1345447e+01
   2.2714420e+01  -3.1185117e+01
   2.6389536e+01  -3.0579725e+01
   2.5202480e+01  -2.9610576e+01
   2.7801140e+01  -3.3369325e+01
   2.6610108e+01  -3.3049025e+01
   2.7601238e+01  -3.1333068e+01
   2.8639161e+01  -3.4364881e+01
   2.5862703e+01  -3.4729568e+01
   2.4866169e+01  -3.2906628e+01
   2.7992608e+01  -3.5014079e+01
   2.6509267e+01  -3.1644608e+01
   2.4788914e+01  -3.3547841e+01
   2.5073495e+01  -3.2659113e+01
   2.5784510e+01  -2.9293362e+01
   3.0494004e+01  -3.0254812e+01
   2.7864474e+01  -3.0678806e+01
   2.7782563e+01  -3.0577730e+01
   2.8473206e+01  -3.0999309e+01
   2.8548914e+01  -3.1607945e+01
   2.7603883e+01  -3.1008957e+01
   2.6087279e+01  -3.2835878e+01
   2.7589800e+01  -3.0488425e+01
   2.9741191e+01  -3.0551696e+01
   2.6604734e+01  -3.2204431e+01
   2.5130107e+01  -3.0503828e+01
   2.9972864e+01  -3.2329108e+01
   2.7272591e+01  -3.2703778e+01
   2.6732628e+01  -3.0519800e+01
   2.7689153e+01  -3.1643455e+01
   2.7744457e+01  -3.2344415e+01
   2.5514458e+01  -3.3739409e+01
   2.3854473e+01  -3.4000442e+01
   2.5979050e+01  -3.2950042e+01
   3.9205314e+01  -3.1131571e+01
   3.7478712e+01  -3.0033029e+01
   3.5301135e+01  -2.8224761e+01
   3.2560988e+01  -3.1541637e+01
   3.0608684e+01  -2.9650571e+01
   3.1221382e+01  -2.9133678e+01
   2.8861092e+01  -2.8163334e+01
   2.7378223e+01  -2.9804591e+01
   3.3783207e+01  -2.9368357e+01
   2.9620665e+01  -3.2572116e+01
   2.9523216e+01  -3.0633006e+01
   3.1168753e+01  -2.9946173e+01
   3.2153092e+01  -2.8672283e+01
   2.8614580e+01  -3.2671027e+01
   2.6808189e+01  -3.1712620e+01
   2.9906355e+01  -2.9981549e+01
   3.2316812e+01  -3.1295033e+01
   3.3561928e+01  -3.0643858e+01
   3.6412542e+01  -2.9936768e+01
   3.2560153e+01  -3.3396608e+01
   2.9907313e+01  -2.9335109e+01
   2.9985878e+01  -3.0295859e+01
   2.5670642e+01  -3.1678667e+01
   2.3454891e+01  -3.1346750e+01
   3.1879967e+01  -2.8597561e+01
   2.7080824e+01  -3.1534229e+01
   2.7547998e+01  -3.2038919e+01
   2.9358437e+01  -3.1258368e+01
   3.1854134e+01  -3.0111964e+01
   2.9324900e+01  -3.0619066e+01
   2.7636886e+01  -3.0563805e+01
   3.0727464e+01  -2.9802869e+01
   3.4134283e+01  -2.9945247e+01
   3.3745066e+01  -2.9746841e+01
   3.3238413e+01  -3.0371987e+01
   2.8282393e+01  -3.1169999e+01
   2.6995297e+01  -3.2005139e+01
   2.7936664e+01  -3.1130773e+01
   2.7086236e+01  -3.1533098e+01
   2.4986112e+01  -3.2554192e+01
   3.2464971e+01  -2.9385338e+01
   3.0055754e+01  -2.9992906e+01
   2.9666397e+01  -3.0051637e+01
   3.0248803e+01  -2.8943877e+01
   2.6042005e+01  -2.9607379e+01
   2.4598036e+01  -3.2531079e+01
   2.4118413e+01  -3.3914252e+01
   2.4918540e+01  -3.2831314e+01
   2.1559237e+01  -2.9083956e+01
   2.2829694e+01  -3.0570094e+01
   2.4781373e+01  -3.2759429e+01
   2.2103552e+01  -3.1702280e+01
   2.3476804e+01  -3.2983201e+01
   2.3495368e+01  -3.1633834e+01
   2.2130284e+01  -3.2895745e+01
   2.1925179e+01  -3.3587658e+01
   2.3962180e+01  -3.0607536e+01
   2.5628718e+01  -3.2639865e+01
   2.3912108e+01  -3.2565137e+01
   2.3134127e+01  -3.1423316e+01
   2.3554735e+01  -3.1586237e+01
   2.1243514e+01  -3.3198575e+01
   2.1668454e+01  -3.4551912e+01
   2.1754225e+01  -3.3430918e+01
   1.9677883e+01  -2.9593469e+01
   1.9783675e+01  -3.0557465e+01
   2.1170843e+01  -3.2382200e+01
   1.9645424e+01  -3.0972977e+01
   2.2200156e+01  -3.4637252e+01
   2.1607039e+01  -3.3830787e+01
   2.1291441e+01  -3.4785911e+01
   2.3731783e+01  -3.4004759e+01
   2.1465619e+01  -3.3104685e+01
   2.1762640e+01  -3.5048964e+01
   2.2465177e+01  -3.4466605e+01
   2.1285771e+01  -3.3383216e+01
   2.0231297e+01  -3.2506596e+01
   1.9544324e+01  -3.4632404e+01
   2.1224091e+01  -3.5309589e+01
   2.0903707e+01  -3.4631522e+01
   1.7192008e+01  -3.4838436e+01
   1.5681810e+01  -3.2906853e+01
   1.8783167e+01  -3.3992956e+01
   1.9890524e+01  -3.4745648e+01
   2.0863725e+01  -3.4771141e+01
   1.8869766e+01  -3.2664909e+01
   2.1078024e+01  -3.3815215e+01
   2.0846378e+01  -2.6075600e+01
   2.1835303e+01  -2.6099559e+01
   2.5515574e+01  -2.9156274e+01
   2.4437758e+01  -3.0722233e+01
   2.2715784e+01  -3.0862555e+01
   2.6707898e+01  -2.6882388e+01
   2.5144228e+01  -2.7025993e+01
   2.2653211e+01  -2.7599005e+01
   2.2144647e+01  -2.7794201e+01
   2.1446446e+01  -3.1550904e+01
   2.0626551e+01  -3.2503881e+01
   2.1081989e+01  -3.4911602e+01
   2.4903759e+01  -3.5380315e+01
   2.3250860e+01  -3.5757067e+01
   2.1540497e+01  -3.5270090e+01
   2.1811753e+01  -3.6188402e+01
   2.1823330e+01  -3.5916274e+01
   1.8936636e+01  -3.6163831e+01
   2.0246160e+01  -3.6870933e+01
   1.9375948e+01  -3.7883035e+01
   1.8067333e+01  -3.7393539e+01
   2.0180895e+01  -3.7156958e+01
   2.1343074e+01  -3.7042979e+01
   2.1225871e+01  -3.7015506e+01
   2.0292137e+01  -3.7073468e+01
   1.7596762e+01  -4.0903721e+01
   1.7457298e+01  -4.0351070e+01
   1.7141572e+01  -4.0518432e+01
   1.9513889e+01  -3.8507228e+01
   1.7688099e+01  -3.6651366e+01
   1.7506948e+01  -3.7467088e+01
   1.9341572e+01  -3.7500905e+01
   1.9376885e+01  -3.9690661e+01
   1.6400227e+01  -4.3925617e+01
   1.6249716e+01  -4.5726561e+01
   1.6950631e+01  -4.5052880e+01
   1.6939134e+01  -4.4491951e+01
   1.5377386e+01  -4.2295141e+01
   1.6751238e+01  -4.0940763e+01
   1.7808589e+01  -3.9123919e+01
   1.7119868e+01  -4.1416767e+01
   1.7777202e+01  -4.4392427e+01
   1.3820428e+01  -4.6909588e+01
   1.3908143e+01  -4.8145509e+01
   1.4011222e+01  -4.9749644e+01
   1.5593550e+01  -4.6632819e+01
   1.5228025e+01  -4.6852944e+01
   1.5315863e+01  -4.7248714e+01
   1.6439915e+01  -4.2503231e+01
   1.4922871e+01  -4.7752243e+01
   1.5858759e+01  -4.6487331e+01
   1.6695900e+01  -4.4903370e+01
   1.6633824e+01  -4.5268039e+01
   1.8202029e+01  -4.3818114e+01
   1.6631240e+01  -4.8004123e+01
   1.7059062e+01  -4.6141512e+01
   1.6518383e+01  -4.8312573e+01
   1.7311334e+01  -5.2470700e+01
   1.7472083e+01  -5.3148326e+01
   2.0514270e+01  -5.5085366e+01
   2.5508212e+01  -5.4921893e+01
   2.3975504e+01  -5.3431215e+01
   2.1982908e+01  -5.3509673e+01
   2.3564969e+01  -4.9003383e+01
   2.1812818e+01  -5.2204690e+01
   2.4623683e+01  -5.4109935e+01
   2.4682266e+01  -4.7734313e+01
   2.2318113e+01  -5.4061568e+01
   2.4183290e+01  -5.2595708e+01
   2.3176182e+01  -5.1944336e+01
   2.4458675e+01  -5.0467023e+01
   2.3241209e+01  -4.7407670e+01
   2.1828347e+01  -5.0865942e+01
   2.3920399e+01  -5.6690020e+01
   2.4929323e+01  -5.5508627e+01
   2.4856765e+01  -5.5720094e+01
   2.7207446e+01  -5.5487247e+01
   2.4787523e+01  -5.7486439e+01
   2.5038513e+01  -5.6527511e+01
   2.2512850e+01  -5.1970434e+01
   2.2800218e+01  -5.6275066e+01
   2.2459368e+01  -5.7617864e+01
   2.5641919e+01  -5.5871445e+01
   2.5842970e+01  -5.3884314e+01
   2.3058826e+01  -5.4025312e+01
   2.4427192e+01  -5.2877260e+01
   2.4422859e+01  -5.1189306e+01
   2.3875222e+01  -4.9772177e+01
   2.3063898e+01  -5.1697980e+01
   2.2329132e+01  -5.7249442e+01
   2.2375422e+01  -5.8189482e+01
   2.4665853e+01  -5.5407235e+01
   2.4205735e+01  -5.6594515e+01
   2.4459847e+01  -5.6408582e+01
   2.4206934e+01  -5.6661195e+01
   2.4482239e+01  -5.4008753e+01
   2.4895320e+01  -5.4505802e+01
   2.4648968e+01  -5.5954162e+01
   2.2892525e+01  -5.6181375e+01
   2.3748666e+01  -5.4781681e+01
   2.4088716e+01  -5.4863748e+01
   2.4798541e+01  -5.5133550e+01
   2.5885798e+01  -5.4002854e+01
   2.5557858e+01  -5.5077089e+01
   2.5851735e+01  -5.5722021e+01
   2.6335834e+01  -5.6437593e+01
   2.6723940e+01  -5.6690670e+01
   2.3891852e+01  -5.5644342e+01
   2.5843630e+01  -5.4909334e+01
   2.5742107e+01  -5.4024456e+01
   2.6383079e+01  -5.4069737e+01
   2.8950520e+01  -5.6395864e+01
   2.6416040e+01  -5.5651584e+01
   2.8267381e+01  -5.5774067e+01
   3.0932348e+01  -5.6721434e+01
   2.9768317e+01  -5.5888021e+01
   2.9553456e+01  -5.5246257e+01
   2.9005418e+01  -5.5455523e+01
   2.8113877e+01  -5.3802255e+01
   2.6378111e+01  -5.9523864e+01
   2.7299080e+01  -5.7801492e+01
   3.0523722e+01  -5.7157284e+01
   3.0943107e+01  -5.6434309e+01
   3.0549641e+01  -5.6384672e+01
   2.9837594e+01  -5.3780518e+01
   2.9722886e+01  -5.2202283e+01
   3.0010348e+01  -5.1449748e+01
   2.8912730e+01  -4.7698802e+01
   3.1479410e+01  -4.9565441e+01
   3.1821595e+01  -4.9862130e+01
   3.1743681e+01  -5.1312647e+01
   3.1006489e+01  -5.0386419e+01
   3.1130782e+01  -4.9685526e+01
   3.1038317e+01  -4.8378913e+01
   3.0884757e+01  -4.9811432e+01
   3.2454113e+01  -5.0268256e+01
   3.2541275e+01  -4.9823380e+01
   3.1383669e+01  -4.8491579e+01
   3.1684255e+01  -4.7969927e+01
   3.1674356e+01  -4.6877714e+01
   3.3264660e+01  -4.7383103e+01
   3.3335046e+01  -4.6823223e+01
   3.3307981e+01  -4.6488950e+01
   3.2815599e+01  -4.7567682e+01
   3.3810788e+01  -4.7803067e+01
   3.5269809e+01  -4.7542817e+01
   3.5167907e+01  -4.6131135e+01
   3.4685077e+01  -4.5375090e+01
   3.4719851e+01  -4.5353374e+01
   3.4101017e+01  -4.4473789e+01
   3.5791440e+01  -4.6415747e+01
   3.5876484e+01  -4.6960070e+01
   3.6223704e+01  -4.7473262e+01
   3.3795198e+01  -4.5732749e+01
   3.4443016e+01  -4.5903119e+01
   3.4559402e+01  -4.5107166e+01
   3.7278799e+01  -4.6235810e+01
   3.6257740e+01  -4.4831640e+01
   3.6175646e+01  -4.3980233e+01
   3.9862487e+01  -4.6757194e+01
   4.1347963e+01  -4.9085276e+01
   3.9681903e+01  -4.5842570e+01
   4.1747978e+01  -4.4657095e+01
   4.0104997e+01  -4.3002421e+01
   3.9210837e+01  -4.2167327e+01
   3.7419225e+01  -4.0824881e+01
   3.5988024e+01  -3.9727165e+01
   3.4974385e+01  -3.7845337e+01
   3.5174136e+01  -3.8367586e+01
   3.4845797e+01  -3.9169722e+01
   3.5123544e+01  -3.8567555e+01
   3.7558933e+01  -4.0345023e+01
   3.8665236e+01  -4.2117468e+01
   3.8312542e+01  -3.9469962e+01
   3.7919731e+01  -3.8905204e+01
   3.9533352e+01  -3.8479158e+01
   3.7451827e+01  -3.4622874e+01
   3.8670869e+01  -3.6867558e+01
   3.7764681e+01  -3.6418972e+01
   3.7866312e+01  -3.5977144e+01
   3.7556464e+01  -3.5851362e+01
   3.8084693e+01  -3.7406614e+01
   3.7515987e+01  -3.7570046e+01
   3.6044645e+01  -3.6967008e+01
   3.6869843e+01  -3.6617746e+01
   3.7055763e+01  -3.4805878e+01
   3.7668439e+01  -3.4919806e+01
   3.7897145e+01  -3.6001418e+01
   3.7843894e+01  -3.5084248e+01
   3.8614452e+01  -3.4247904e+01
   3.9192851e+01  -3.4419976e+01
   3.8743534e+01  -3.3457174e+01
   3.6836746e+01  -3.3994260e+01
   4.0259496e+01  -3.4065035e+01
   3.8482404e+01  -3.3777601e+01
   3.8138389e+01  -3.2217725e+01
   3.7898033e+01  -3.1836793e+01
   3.7392586e+01  -3.1618114e+01
   3.5769049e+01  -3.0078280e+01
   3.4507595e+01  -2.9024988e+01
   3.6473338e+01  -2.9318373e+01
   4.0483382e+01  -3.1098548e+01
   4.0619465e+01  -3.0827456e+01
   4.0152314e+01  -3.0984472e+01
   3.7374845e+01  -3.1626340e+01
   3.8278106e+01  -3.0968298e+01
   3.8819775e+01  -3.0661508e+01
   3.6020853e+01  -3.0403088e+01
   3.3523387e+01  -2.9871710e+01
   4.0794288e+01  -3.0590262e+01
   3.7618249e+01  -3.1588038e+01
   3.8369462e+01  -3.1011122e+01
   3.9116574e+01  -3.0682962e+01
   3.8554763e+01  -3.0760353e+01
   3.5036599e+01  -3.0888913e+01
   3.3797894e+01  -3.1040107e+01
   3.7454892e+01  -3.0456205e+01
   4.0022436e+01  -3.1844013e+01
   4.0953127e+01  -3.1123866e+01
   4.0976757e+01  -3.0753301e+01
   4.1151764e+01  -3.2344134e+01
   4.1643160e+01  -3.1291559e+01
   4.1353082e+01  -3.0915182e+01
   3.8785818e+01  -3.1311866e+01
   3.8586436e+01  -3.1343067e+01
   4.6718584e+01  -2.9842308e+01
   4.5318344e+01  -3.0613762e+01
   4.6340423e+01  -3.1780669e+01
   4.6662219e+01  -3.0536175e+01
   4.6618914e+01  -3.1003911e+01
   4.4622258e+01  -3.2215225e+01
   4.0763024e+01  -3.3147522e+01
   4.3055900e+01  -3.0032987e+01
   4.6432545e+01  -2.8276898e+01
   4.4113791e+01  -3.0857064e+01
   4.6665783e+01  -3.0423992e+01
   4.1422448e+01  -3.0285808e+01
   3.7388549e+01  -3.3153952e+01
   3.7944958e+01  -3.2040615e+01
   3.4632836e+01  -3.0714332e+01
   3.2925886e+01  -3.0677264e+01
   4.3632450e+01  -2.8377728e+01
   4.2798079e+01  -3.1599122e+01
   4.1880730e+01  -3.0165762e+01
   4.4392889e+01  -2.8471432e+01
   4.8612537e+01  -2.7897733e+01
   4.3114717e+01  -2.6627587e+01
   3.7875815e+01  -2.8848550e+01
   3.8125316e+01  -2.8998767e+01
   3.9527755e+01  -3.0834794e+01
   4.0176243e+01  -2.9731716e+01
   3.8267621e+01  -3.0188189e+01
   3.6012602e+01  -3.1631433e+01
   3.3493741e+01  -3.0924288e+01
   3.3470115e+01  -3.0558122e+01
   3.1188609e+01  -3.1942092e+01
   3.0665866e+01  -3.1543403e+01
   3.8664175e+01  -2.8341031e+01
   3.6737829e+01  -3.3297135e+01
   3.4002871e+01  -3.1714690e+01
   3.3128708e+01  -3.1010615e+01
   3.5654141e+01  -3.1322366e+01
   3.5675890e+01  -3.2132886e+01
   2.9892611e+01  -3.9016449e+01
   3.0523668e+01  -3.6027712e+01
   2.8989405e+01  -2.9271550e+01
   2.8984415e+01  -2.8817372e+01
   2.8735534e+01  -3.2696190e+01
   3.3178642e+01  -3.1375679e+01
   3.0175240e+01  -3.3109873e+01
   2.9740771e+01  -3.1263928e+01
   2.7134842e+01  -3.2086327e+01
   2.8338773e+01  -3.1643245e+01
   3.1047181e+01  -2.7635871e+01
   2.5126104e+01  -3.1375660e+01
   3.0407008e+01  -3.2349465e+01
   2.9476539e+01  -3.0861061e+01
   2.9171242e+01  -3.0819086e+01
   2.9522174e+01  -3.1232286e+01
   2.9530534e+01  -3.1133544e+01
   2.9029644e+01  -2.9068578e+01
   2.5836375e+01  -3.5620980e+01
   3.0183038e+01  -3.3007143e+01
   2.9109102e+01  -3.2621830e+01
   2.9314059e+01  -3.2509641e+01
   2.6323430e+01  -3.0691038e+01
   2.9913683e+01  -3.1506322e+01
   2.9276918e+01  -3.2928448e+01
   2.8792532e+01  -3.4461262e+01
   2.7821750e+01  -2.8968420e+01
   2.6933999e+01  -3.3946297e+01
   2.7178111e+01  -2.8805961e+01
   2.5943310e+01  -3.0709895e+01
   2.7893410e+01  -3.2557727e+01
   2.8780889e+01  -3.3131714e+01
   2.8067998e+01  -3.2253640e+01
   2.6987048e+01  -3.0511498e+01
   2.8606223e+01  -3.2260729e+01
   2.6502448e+01  -3.2157917e+01
   2.6388744e+01  -3.3360157e+01
   2.7153775e+01  -3.3668494e+01
   3.0832513e+01  -2.8537821e+01
   2.6780530e+01  -3.0434879e+01
   2.7089018e+01  -3.0496651e+01
   2.7406489e+01  -3.3763670e+01
   2.5857958e+01  -3.0993098e+01
   2.7493701e+01  -3.1461702e+01
   2.8107837e+01  -3.1029881e+01
   2.6440983e+01  -3.1241538e+01
   2.6765446e+01  -3.2265273e+01
   2.6853978e+01  -3.2353931e+01
   2.6571147e+01  -3.0269120e+01
   2.4198257e+01  -2.9446157e+01
   2.5245353e+01  -3.4442866e+01
   2.8179772e+01  -3.1834409e+01
   2.7603826e+01  -3.0837040e+01
   2.9098044e+01  -3.2532690e+01
   2.8737171e+01  -3.1886397e+01
   2.8120704e+01  -3.2077827e+01
   2.7620519e+01  -3.3279317e+01
   2.1129701e+01  -3.5702261e+01
   2.6155245e+01  -3.2718701e+01
   2.7168433e+01  -3.2668391e+01
   2.4983256e+01  -3.3626263e+01
   2.5984741e+01  -3.1115678e+01
   2.5284964e+01  -3.0574994e+01
   2.6721598e+01  -3.2049616e+01
   2.6043193e+01  -3.1994356e+01
   2.4778110e+01  -3.2022239e+01
   2.6952053e+01  -3.3290283e+01
   2.6988912e+01  -3.2955761e+01
   2.5870547e+01  -3.3310775e+01
   2.6442660e+01  -3.4818944e+01
   2.5961409e+01  -3.4429713e+01
   2.5346270e+01  -3.3681808e+01
   2.6079254e+01  -3.3140036e+01
   2.5949064e+01  -3.4147929e+01
   2.3790993e+01  -3.4298683e+01
   2.7442006e+01  -3.1187349e+01
   2.5501302e+01  -3.4256938e+01
   2.6412373e+01  -3.2340635e+01
   2.6424802e+01  -3.2804633e+01
   2.7392137e+01  -3.3280237e+01
   2.6911199e+01  -3.2172957e+01
   2.5608724e+01  -3.2204244e+01
   2.7670606e+01  -3.6513763e+01
   2.6429681e+01  -3.3999077e+01
   2.6077805e+01  -3.3764131e+01
   2.4620436e+01  -3.2412030e+01
   2.6487260e+01  -3.4623449e+01
   2.5880275e+01  -3.3725071e+01
   2.6010011e+01  -3.4170322e+01
   2.6268419e+01  -3.0596455e+01
   2.5181040e+01  -3.3986579e+01
   2.6510532e+01  -3.1089132e+01
   2.7409573e+01  -3.2599508e+01
   2.5628883e+01  -3.3319521e+01
   2.3701355e+01  -3.7777065e+01
   2.5934074e+01  -3.5945924e+01
   2.4464982e+01  -3.8376782e+01
   2.3414469e+01  -3.8815388e+01
   2.7586408e+01  -3.4099873e+01
   2.6585750e+01  -3.3952767e+01
   2.5715250e+01  -3.5008215e+01
   2.6383019e+01  -3.3521521e+01
   2.6360509e+01  -3.4738781e+01
   2.5712871e+01  -3.4390189e+01
   2.2696543e+01  -3.7341950e+01
   2.4356947e+01  -3.4747308e+01
   2.2615910e+01  -4.0769823e+01
   2.5081721e+01  -3.5972113e+01
   2.3843155e+01  -3.7844095e+01
   2.2858726e+01  -4.0069598e+01
   2.3405774e+01  -4.1102623e+01
   2.4632575e+01  -3.9673615e+01
   2.4890168e+01  -3.7018598e+01
   2.3025402e+01  -4.0007630e+01
   2.1759783e+01  -4.7354558e+01
   2.0960762e+01  -4.7617223e+01
   2.2483861e+01  -4.9104472e+01
   2.5357558e+01  -4.1079477e+01
   2.4784516e+01  -4.3077276e+01
   2.3907577e+01  -4.4061714e+01
   2.4653259e+01  -3.9905342e+01
   2.5259096e+01  -3.5842579e+01
   2.2437748e+01  -4.3806481e+01
   2.4316644e+01  -4.0349864e+01
   2.3532556e+01  -4.1569378e+01
   2.3243914e+01  -4.2635893e+01
   2.4430285e+01  -4.0686910e+01
   2.5048109e+01  -3.9015810e+01
   2.5013895e+01  -3.5896108e+01
   2.3984860e+01  -3.8509801e+01
   2.3089396e+01  -4.2599022e+01
   2.3035767e+01  -4.3179751e+01
   2.3514927e+01  -4.2348257e+01
   2.3827524e+01  -4.3796638e+01
   2.4313966e+01  -4.1999430e+01
   2.3897074e+01  -4.1930609e+01
   2.5041068e+01  -3.8585704e+01
   2.6365957e+01  -3.6269650e+01
   2.4303715e+01  -4.1975548e+01
   2.6008386e+01  -3.7953782e+01
   2.4812905e+01  -3.7359146e+01
   2.4368437e+01  -3.7912952e+01
   2.4500288e+01  -3.7760585e+01
   2.4151103e+01  -4.3313308e+01
   2.6277208e+01  -4.2149645e+01
   2.5028044e+01  -4.1683318e+01
   2.2990309e+01  -4.4517730e+01
   2.3544140e+01  -4.3382410e+01
   2.4840713e+01  -3.9501760e+01
   2.9530416e+01  -3.9291708e+01
   2.7666395e+01  -3.7100397e+01
   2.6465783e+01  -3.7696754e+01
   2.5612027e+01  -3.5493071e+01
   2.5487567e+01  -3.1852700e+01
   2.4080126e+01  -3.5843038e+01
   2.4553934e+01  -3.4023094e+01
   2.1659686e+01  -3.9084418e+01
   2.3269551e+01  -3.9333160e+01
   2.4453949e+01  -3.4989443e+01
   2.4613771e+01  -3.4303615e+01
   2.4399001e+01  -3.2451797e+01
   2.3890040e+01  -3.2861103e+01
   2.2273589e+01  -3.3882339e+01
   2.1772885e+01  -3.3904309e+01
   2.1192666e+01  -3.6206956e+01
   2.2238652e+01  -3.3987884e+01
   2.1119874e+01  -3.4939204e+01
   2.1222854e+01  -3.4282030e+01
   2.0726994e+01  -3.2295644e+01
   2.1169483e+01  -3.3245466e+01
   2.1419743e+01  -3.3096290e+01
   2.5394552e+01  -3.2931209e+01
   2.3481856e+01  -3.5818375e+01
   2.5379615e+01  -3.7846273e+01
   2.8038914e+01  -3.6460482e+01
   2.6083954e+01  -3.6382203e+01
   2.4967806e+01  -3.3120619e+01
   2.4447270e+01  -3.3162166e+01
   2.4777718e+01  -3.4413990e+01
   2.3853738e+01  -3.3234729e+01
   2.2825964e+01  -3.5756168e+01
   2.2880670e+01  -3.1730575e+01
   2.2608285e+01  -3.3150578e+01
   2.2488613e+01  -3.2021920e+01
   2.2131095e+01  -3.0711140e+01
   2.4171862e+01  -3.0246030e+01
   2.3835482e+01  -3.0335004e+01
   2.4317885e+01  -3.0709237e+01
   2.3254057e+01  -3.3731803e+01
   2.2832329e+01  -3.1651658e+01
   2.2749902e+01  -3.1356736e+01
   2.3966442e+01  -3.0873583e+01
   2.3630742e+01  -3.0782894e+01
   2.4538782e+01  -3.0337716e+01
   2.8171224e+01  -3.1683106e+01
   2.7384267e+01  -3.0446619e+01
   2.9967685e+01  -3.2739112e+01
   3.3206383e+01  -3.5549789e+01
   3.0625634e+01  -3.3222974e+01
   3.0520459e+01  -3.4817394e+01
   2.7210578e+01  -3.3530036e+01
   3.0830778e+01  -3.1263805e+01
   3.1318095e+01  -3.3719738e+01
   2.8352774e+01  -3.3234283e+01
   2.7847065e+01  -3.2786094e+01
   2.8732829e+01  -3.4226247e+01
   2.8808563e+01  -3.5603444e+01
   2.7367862e+01  -3.2655283e+01
   2.5381694e+01  -3.2227010e+01
   2.6090926e+01  -3.1469615e+01
   2.8291979e+01  -3.0244828e+01
   2.8979639e+01  -3.2074186e+01
   2.8210335e+01  -3.5784967e+01
   2.5763374e+01  -3.6177256e+01
   3.1340684e+01  -3.1517033e+01
   3.1198688e+01  -3.2369101e+01
   3.0693949e+01  -3.1587254e+01
   2.7599798e+01  -3.2455198e+01
   3.1681141e+01  -3.1862814e+01
   3.0472215e+01  -3.1060378e+01
   2.9289303e+01  -2.8226250e+01
   2.9637085e+01  -2.8674619e+01
   2.9470389e+01  -3.1811177e+01
   2.7062367e+01  -3.0023432e+01
   2.4261984e+01  -3.1548373e+01
   2.7234110e+01  -3.0329063e+01
   3.4465824e+01  -2.9944021e+01
   3.3853928e+01  -3.0139282e+01
   3.4316738e+01  -3.0461395e+01
   2.9789862e+01  -3.2012386e+01
   2.9519202e+01  -3.1761750e+01
   3.0877672e+01  -3.0932491e+01
   2.8342459e+01  -3.1120940e+01
   2.6917769e+01  -3.1069253e+01
   3.5632549e+01  -2.9724794e+01
   3.0594868e+01  -3.0121753e+01
   3.0978476e+01  -2.8600320e+01
   3.2844771e+01  -2.7974688e+01
   3.0273792e+01  -3.0205960e+01
   2.6522599e+01  -3.3222509e+01
   2.5578222e+01  -3.2243925e+01
   2.8843651e+01  -3.1214377e+01
   2.7557232e+01  -2.8758023e+01
   2.9705937e+01  -2.9310474e+01
   2.5730951e+01  -3.2336866e+01
   2.4533150e+01  -3.2198646e+01
   2.4078903e+01  -2.6558251e+01
   2.7365471e+01  -2.7060336e+01
   2.5744227e+01  -2.9390153e+01
   2.8322772e+01  -2.7969252e+01
   3.3111461e+01  -2.6856025e+01
   3.0314917e+01  -2.5591962e+01
   3.5560264e+01  -2.5901388e+01
   3.4209792e+01  -2.5082706e+01
   3.3024510e+01  -2.5806142e+01
   3.0215395e+01  -2.4421471e+01
   2.8466032e+01  -2.5989877e+01
   2.8330143e+01  -2.6086202e+01
   2.7744405e+01  -2.7386391e+01
   2.8512190e+01  -2.7753856e+01
   2.8328986e+01  -2.9207842e+01
   2.5940759e+01  -3.0039222e+01
   2.4747067e+01  -3.0886115e+01
   2.4808375e+01  -3.1173881e+01
   2.5594542e+01  -3.1187708e+01
   2.3860110e+01  -3.2224657e+01
   2.7703521e+01  -2.9858075e+01
   2.5475196e+01  -3.2739589e+01
   2.5279561e+01  -3.2707632e+01
   2.5052884e+01  -3.2125864e+01
   2.9338036e+01  -3.0179854e+01
   2.5088683e+01  -2.9820272e+01
   2.3115742e+01  -3.2493918e+01
   2.3328470e+01  -3.1948697e+01
   2.3435175e+01  -3.2827506e+01
   2.3142912e+01  -3.1196570e+01
   2.1623827e+01  -3.1169303e+01
   2.3103149e+01  -3.3181163e+01
   2.0263082e+01  -2.4340336e+01
   2.1899332e+01  -2.4479477e+01
   2.2610464e+01  -2.7462636e+01
   2.2094583e+01  -2.8442354e+01
   2.2596643e+01  -2.8511943e+01
   2.0948962e+01  -2.9948361e+01
   1.8124909e+01  -2.7734642e+01
   1.8638763e+01  -2.8040196e+01
   2.0179453e+01  -3.1973005e+01
   2.2807696e+01  -3.5061787e+01
   2.2551686e+01  -3.5123001e+01
   2.2090656e+01  -3.4223964e+01
   2.2257425e+01  -3.3881754e+01
   2.1115643e+01  -3.2834445e+01
   2.5217004e+01  -3.0907351e+01
   2.7860208e+01  -3.2033593e+01
   2.5990208e+01  -3.2054036e+01
   2.4675846e+01  -2.9619528e+01
   2.2193936e+01  -2.7546815e+01
   2.3900945e+01  -2.8895993e+01
   2.1372322e+01  -2.8564545e+01
   2.1954644e+01  -2.4571362e+01
   2.3275456e+01  -2.6965531e+01
   2.2876539e+01  -2.7128561e+01
   2.3400243e+01  -2.9574331e+01
   2.1416347e+01  -3.1270785e+01
   2.0389452e+01  -3.2612124e+01
   1.9187688e+01  -3.2704256e+01
   2.0614875e+01  -3.5023088e+01
   1.8301224e+01  -3.3191001e+01
   1.8786903e+01  -3.5055484e+01
   1.8934311e+01  -3.5877184e+01
   2.1147907e+01  -3.5684441e+01
   1.8341690e+01  -3.4114935e+01
   1.9817841e+01  -3.5414575e+01
   2.0817862e+01  -3.4008581e+01
   1.7961857e+01  -3.4334472e+01
   1.8657129e+01  -3.5417243e+01
   1.6517421e+01  -3.2436146e+01
   1.6089170e+01  -3.3027112e+01
   1.4725391e+01  -3.1885169e+01
   1.5636835e+01  -3.8200637e+01
   1.8248739e+01  -3.7703211e+01
   1.7925618e+01  -3.7127883e+01
   1.6948206e+01  -3.8262348e+01
   1.5483571e+01  -3.8417161e+01
   1.7263671e+01  -3.7766120e+01
   1.7783331e+01  -3.8851351e+01
   1.6323522e+01  -3.8356969e+01
   1.5410179e+01  -3.8627589e+01
   1.7410074e+01  -3.8186349e+01
   2.0247239e+01  -3.7403077e+01
   1.7120253e+01  -3.8883764e+01
   1.7145289e+01  -4.1974071e+01
   1.8874216e+01  -4.0637744e+01
   1.8852371e+01  -3.9984151e+01
   1.8819433e+01  -3.9711998e+01
   1.9452168e+01  -4.0990295e+01
   1.9609929e+01  -4.0994139e+01
   1.9152003e+01  -4.0889933e+01
   2.1323494e+01  -4.0161414e+01
   2.0747810e+01  -4.0012271e+01
   2.0489064e+01  -4.0182207e+01
   2.1244235e+01  -4.1289592e+01
   2.0175519e+01  -4.4400619e+01
   2.0574830e+01  -4.3548212e+01
   2.0475915e+01  -4.0512287e+01
   2.0658896e+01  -3.8687330e+01
   1.8947317e+01  -4.5251788e+01
   2.2305374e+01  -4.1612325e+01
   2.2434758e+01  -4.2681681e+01
   2.1110665e+01  -4.3462735e+01
   2.0827520e+01  -4.6107900e+01
   2.2438617e+01  -4.6385517e+01
   2.2274878e+01  -4.3987661e+01
   2.1014551e+01  -4.5894400e+01
   2.2751371e+01  -4.5865837e+01
   2.1315240e+01  -4.7107780e+01
   2.1644543e+01  -4.9692817e+01
   2.3375132e+01  -4.5299133e+01
   2.2193104e+01  -4.7454326e+01
   2.1630771e+01  -4.8191378e+01
   2.0613235e+01  -4.7072851e+01
   2.2539092e+01  -4.7905125e+01
   2.2275135e+01  -5.1793771e+01
   2.4188210e+01  -4.6062248e+01
   2.0342281e+01  -5.0492235e+01
   2.1653293e+01  -5.0121850e+01
   2.2742088e+01  -4.8567529e+01
   2.3485057e+01  -4.7126193e+01
   2.2214878e+01  -4.8243746e+01
   2.1443433e+01  -5.1184377e+01
   2.5581968e+01  -4.8528298e+01
   2.3722114e+01  -5.0338960e+01
   2.2006888e+01  -4.9974644e+01
   2.4429241e+01  -4.9772250e+01
   2.5439648e+01  -4.8139599e+01
   2.3566726e+01  -5.0694684e+01
   2.3110702e+01  -5.2105669e+01
   2.5016530e+01  -4.8229774e+01
   2.4111194e+01  -5.2835432e+01
   2.4585477e+01  -4.9136047e+01
   2.3788460e+01  -4.5367210e+01
   2.2620460e+01  -4.8501356e+01
   2.3926673e+01  -5.1932608e+01
   2.5499631e+01  -5.1492244e+01
   2.4987094e+01  -4.5420410e+01
   2.3531684e+01  -4.9456829e+01
   2.5582678e+01  -5.5690770e+01
   2.5139076e+01  -5.5266978e+01
   2.5453032e+01  -5.2920841e+01
   2.4983892e+01  -5.1967971e+01
   2.5640837e+01  -5.1567917e+01
   2.4083386e+01  -5.2702812e+01
   2.3803045e+01  -5.5043726e+01
   2.3269753e+01  -5.0071315e+01
   2.4224354e+01  -5.6409257e+01
   2.6470919e+01  -5.7949703e+01
   2.6406537e+01  -5.5678426e+01
   2.5506086e+01  -5.6155502e+01
   2.4099872e+01  -5.9497706e+01
   2.6918326e+01  -5.5933592e+01
   2.6479370e+01  -5.2983807e+01
   2.5642170e+01  -5.4178904e+01
   2.5830530e+01  -5.4824945e+01
   2.5377048e+01  -5.5234582e+01
   2.5475278e+01  -5.4044579e+01
   2.3381067e+01  -5.6868300e+01
   2.3987093e+01  -5.7812889e+01
   2.4654432e+01  -5.7753572e+01
   2.5459444e+01  -5.5581162e+01
   2.6071962e+01  -5.5674165e+01
   2.6287142e+01  -5.6743199e+01
   2.3831849e+01  -5.6353891e+01
   2.4488105e+01  -5.4959413e+01
   2.5370750e+01  -5.5003609e+01
   2.5470723e+01  -5.4384734e+01
   2.8491493e+01  -5.6499273e+01
   2.7189607e+01  -5.4299024e+01
   2.8438685e+01  -5.6740350e+01
   2.5294584e+01  -5.5932234e+01
   2.6583376e+01  -5.6026476e+01
   2.6401079e+01  -5.4530116e+01
   2.9361776e+01  -5.5818308e+01
   2.8847134e+01  -5.5545122e+01
   2.9333686e+01  -5.5352205e+01
   2.8365528e+01  -5.3312745e+01
   2.9107295e+01  -5.2083542e+01
   3.0880130e+01  -5.5091868e+01
   2.9469044e+01  -5.4352533e+01
   3.1148124e+01  -5.5199469e+01
   3.3140837e+01  -5.7216153e+01
   3.1432213e+01  -5.5747599e+01
   3.1050388e+01  -5.0787011e+01
   3.1025378e+01  -4.9263056e+01
   3.0717942e+01  -4.9106043e+01
   3.0167045e+01  -5.1906502e+01
   3.0499250e+01  -5.1141988e+01
   3.1353887e+01  -4.8965412e+01
   3.2096908e+01  -4.6925828e+01
   2.9055145e+01  -4.2883978e+01
   2.9069037e+01  -4.3105363e+01
   3.2608012e+01  -4.7422216e+01
   3.1871861e+01  -4.9981125e+01
   3.2824340e+01  -5.0043446e+01
   3.2940843e+01  -4.9818154e+01
   3.1995732e+01  -4.8863761e+01
   3.2063189e+01  -4.8185796e+01
   3.1845705e+01  -4.6730324e+01
   3.4640426e+01  -4.8441017e+01
   3.5678716e+01  -4.9394663e+01
   3.5297825e+01  -4.9121544e+01
   3.5682301e+01  -4.5415462e+01
   3.5101751e+01  -4.5304027e+01
   3.4174628e+01  -4.5192617e+01
   3.5612497e+01  -4.9397062e+01
   3.4495505e+01  -4.7257557e+01
   3.4623277e+01  -4.6630574e+01
   3.4901946e+01  -4.8200901e+01
