   8.3243176e+01   4.3648823e+00
   8.3256800e+01   4.3678012e+00
   8.3269637e+01   4.3705660e+00
   8.3282027e+01   4.3732480e+00
   8.3294840e+01   4.3760350e+00
   8.3300000e+01   4.2396361e+00
   8.3315776e+01   4.2430936e+00
   8.3329400e+01   4.2460970e+00
   8.3343024e+01   4.2491165e+00
   8.3356767e+01   4.2521791e+00
   8.3369897e+01   4.2551212e+00
   8.3382427e+01   4.2579435e+00
   8.3395073e+01   4.2608062e+00
   8.3400000e+01   4.4090147e+00
   8.3415715e+01   4.4125999e+00
   8.3429273e+01   4.4157118e+00
   8.3442831e+01   4.4188413e+00
   8.3456478e+01   4.4220094e+00
   8.3469550e+01   4.4250618e+00
   8.3482107e+01   4.4280103e+00
   8.3494823e+01   4.4310128e+00
   8.3500000e+01   4.5513750e+00
   8.3515585e+01   4.5550861e+00
   8.3529396e+01   4.5583965e+00
   8.3543208e+01   4.5617272e+00
   8.3556735e+01   4.5650093e+00
   8.3569512e+01   4.5681279e+00
   8.3581970e+01   4.5711860e+00
   8.3594916e+01   4.5743820e+00
   8.3600000e+01   4.5505429e+00
   8.3615694e+01   4.5544507e+00
   8.3629408e+01   4.5578881e+00
   8.3643122e+01   4.5613465e+00
   8.3656685e+01   4.5647878e+00
   8.3669588e+01   4.5680811e+00
   8.3682112e+01   4.3794433e+00
   8.3694988e+01   4.3827618e+00
   8.3700000e+01   4.0488254e+00
   8.3715618e+01   4.0528861e+00
   8.3729175e+01   4.0564329e+00
   8.3742732e+01   4.0600005e+00
   8.3756475e+01   4.0636388e+00
   8.3769674e+01   4.0671528e+00
   8.3782256e+01   4.0705209e+00
   8.3794877e+01   4.0739180e+00
   8.3800000e+01   4.3329598e+00
   8.3815602e+01   4.3371960e+00
   8.3829347e+01   4.3409516e+00
   8.3843092e+01   4.3447296e+00
   8.3856672e+01   4.3484844e+00
   8.3869555e+01   4.3520665e+00
   8.3882047e+01   4.3555585e+00
   8.3894912e+01   4.3591752e+00
   8.3900000e+01   4.2771740e+00
   8.3915669e+01   4.2816174e+00
   8.3929391e+01   4.2855338e+00
   8.3943113e+01   4.2894745e+00
   8.3956674e+01   4.2933930e+00
   8.3969568e+01   4.2971400e+00
   8.3982086e+01   4.3007984e+00
   8.3994964e+01   4.3045839e+00
   8.4000000e+01   4.2031764e+00
   8.4015647e+01   4.2078166e+00
   8.4029282e+01   4.2118860e+00
   8.4042917e+01   4.2159799e+00
   8.4056569e+01   4.2201035e+00
   8.4069618e+01   4.2240675e+00
   8.4082172e+01   4.2279019e+00
   8.4094921e+01   4.2318173e+00
   8.4100000e+01   4.3579422e+00
   8.4115620e+01   4.3627806e+00
   8.4129323e+01   4.3670513e+00
   8.4143025e+01   4.3713469e+00
   8.4156622e+01   4.3756340e+00
   8.4169562e+01   4.3797356e+00
   8.4182082e+01   4.3837249e+00
   8.4194913e+01   4.3878355e+00
   8.4200000e+01   4.1777913e+00
   8.4215642e+01   4.1828433e+00
   8.4229324e+01   4.1872882e+00
   8.4243005e+01   4.1917580e+00
   8.4256635e+01   4.1962359e+00
   8.4269621e+01   4.2005243e+00
   8.4282146e+01   4.2046811e+00
   8.4294934e+01   4.2089470e+00
   8.4300000e+01   4.2179350e+00
   8.4315652e+01   4.2231973e+00
   8.4329366e+01   4.2278345e+00
   8.4343080e+01   4.2324969e+00
   8.4356637e+01   4.2371305e+00
   8.4369535e+01   4.2415608e+00
   8.4382061e+01   4.2458845e+00
   8.4394942e+01   4.2503526e+00
   8.4400000e+01   4.5656251e+00
   8.4415631e+01   4.5710881e+00
   8.4429312e+01   4.5758953e+00
   8.4442993e+01   4.5761754e+00
   8.4456601e+01   4.5809822e+00
   8.4469570e+01   4.5855851e+00
   8.4482103e+01   4.5900532e+00
   8.4494915e+01   4.5946404e+00
   8.4500000e+01   4.6664656e+00
   8.4515630e+01   4.6720977e+00
   8.4529367e+01   4.6770721e+00
   8.4543104e+01   4.6820689e+00
   8.4556651e+01   4.6870183e+00
   8.4569524e+01   4.6917424e+00
   8.4582014e+01   4.6963451e+00
   8.4594873e+01   4.7011031e+00
   8.4600000e+01   4.5563869e+00
   8.4615643e+01   4.5622103e+00
   8.4629354e+01   4.3754441e+00
   8.4643065e+01   4.3806122e+00
   8.4656737e+01   4.3857868e+00
   8.4669719e+01   4.3907188e+00
   8.4682198e+01   4.3954764e+00
   8.4694948e+01   4.4003553e+00
   8.4700000e+01   4.3710256e+00
   8.4715721e+01   4.3770744e+00
   8.4729360e+01   4.3823424e+00
   8.4742998e+01   4.3876298e+00
   8.4756637e+01   4.3929365e+00
   8.4769674e+01   4.3980260e+00
   8.4782232e+01   4.4029442e+00
   8.4794995e+01   4.4079592e+00
   8.4800000e+01   4.3817926e+00
   8.4815632e+01   4.3879644e+00
   8.4829228e+01   4.3933504e+00
   8.4842824e+01   4.3987533e+00
   8.4856510e+01   4.4042094e+00
   8.4869626e+01   4.4094531e+00
   8.4882199e+01   4.4144936e+00
   8.4894896e+01   4.4195973e+00
   8.4900000e+01   4.4607050e+00
   8.4915602e+01   4.4670026e+00
   8.4929321e+01   4.4725569e+00
   8.4943041e+01   4.4781264e+00
   8.4956642e+01   4.4836620e+00
   8.4969566e+01   4.4889353e+00
   8.4982071e+01   4.4940492e+00
   8.4994904e+01   4.4993100e+00
   8.5000000e+01   4.4584997e+00
   8.5015658e+01   4.4649411e+00
   8.5029404e+01   4.4706099e+00
   8.5043150e+01   4.4762922e+00
   8.5056686e+01   4.4819007e+00
   8.5069536e+01   4.4872362e+00
   8.5082045e+01   4.4924403e+00
   8.5094959e+01   4.4978240e+00
   8.5100000e+01   4.7092156e+00
   8.5115649e+01   4.7157590e+00
   8.5129344e+01   4.7214976e+00
   8.5143040e+01   4.7272474e+00
   8.5156603e+01   4.7329525e+00
   8.5169524e+01   4.7383966e+00
   8.5182063e+01   4.7436882e+00
   8.5194930e+01   4.7491271e+00
   8.5200000e+01   4.7007361e+00
   8.5215614e+01   4.7073520e+00
   8.5229292e+01   4.7131573e+00
   8.5242971e+01   4.7189712e+00
   8.5256598e+01   4.7247718e+00
   8.5269585e+01   4.7303065e+00
   8.5282113e+01   4.7356521e+00
   8.5294903e+01   4.7411161e+00
   8.5300000e+01   4.4614874e+00
   8.5315621e+01   4.4681723e+00
   8.5329340e+01   4.4740505e+00
   8.5343060e+01   4.4799353e+00
   8.5356636e+01   4.4857649e+00
   8.5369543e+01   4.4913119e+00
   8.5382057e+01   4.4966947e+00
   8.5394918e+01   4.5022314e+00
   8.5400000e+01   4.6960979e+00
   8.5415644e+01   4.7028415e+00
   8.5429323e+01   4.7087430e+00
   8.5443003e+01   4.7146486e+00
   8.5456633e+01   4.7205365e+00
   8.5469622e+01   4.7261504e+00
   8.5482122e+01   4.7315548e+00
   8.5494869e+01   4.7370685e+00
   8.5500000e+01   4.5871704e+00
   8.5515654e+01   4.5939450e+00
   8.5529315e+01   4.5998586e+00
   8.5542976e+01   4.6057734e+00
   8.5556665e+01   4.6117014e+00
   8.5569717e+01   4.6173530e+00
   8.5582235e+01   4.6227738e+00
   8.5594951e+01   4.6282801e+00
   8.5600000e+01   4.6229817e+00
   8.5615680e+01   4.6297720e+00
   8.5629359e+01   4.6356948e+00
   8.5643037e+01   4.6416168e+00
   8.5656625e+01   4.4507671e+00
   8.5669582e+01   4.4563863e+00
   8.5682116e+01   4.4618210e+00
   8.5694936e+01   4.4673784e+00
   8.5700000e+01   4.6500874e+00
   8.5715625e+01   4.6568581e+00
   8.5729319e+01   4.6627899e+00
   8.5743014e+01   4.6687191e+00
   8.5756604e+01   4.6746001e+00
   8.5769546e+01   4.6801976e+00
   8.5782075e+01   4.6856136e+00
   8.5794912e+01   4.6911593e+00
   8.5800000e+01   4.6834368e+00
   8.5815628e+01   4.6901816e+00
   8.5829308e+01   4.6960806e+00
   8.5842988e+01   4.7019746e+00
   8.5856627e+01   4.7078457e+00
   8.5869620e+01   4.7134336e+00
   8.5882143e+01   4.7188134e+00
   8.5894920e+01   4.7242974e+00
   8.5900000e+01   4.7044822e+00
   8.5915652e+01   4.7111896e+00
   8.5929366e+01   4.7170585e+00
   8.5943080e+01   4.7229200e+00
   8.5956651e+01   4.7287129e+00
   8.5969560e+01   4.7342154e+00
   8.5982081e+01   4.7395454e+00
   8.5994945e+01   4.7450139e+00
   8.6000000e+01   4.5735209e+00
   8.6015640e+01   4.5801554e+00
   8.6029292e+01   4.5859358e+00
   8.6042943e+01   4.5917064e+00
   8.6056590e+01   4.5974653e+00
   8.6069619e+01   4.6029535e+00
   8.6082162e+01   4.6082274e+00
   8.6094921e+01   4.6135826e+00
   8.6100000e+01   4.7252606e+00
   8.6115631e+01   4.7318036e+00
   8.6129361e+01   4.7375379e+00
   8.6143090e+01   4.7432603e+00
   8.6156643e+01   4.7488971e+00
   8.6169522e+01   4.7542421e+00
   8.6182037e+01   4.7594251e+00
   8.6194926e+01   4.7647521e+00
   8.6200000e+01   4.8897515e+00
   8.6215637e+01   4.8961930e+00
   8.6229313e+01   4.9018122e+00
   8.6242990e+01   4.9074177e+00
   8.6256618e+01   4.9129893e+00
   8.6269607e+01   4.9182861e+00
   8.6282136e+01   4.9233831e+00
   8.6294924e+01   4.9285728e+00
   8.6300000e+01   4.7282884e+00
   8.6315641e+01   4.7346120e+00
   8.6329276e+01   4.7401077e+00
   8.6342911e+01   4.7455878e+00
   8.6356604e+01   4.7510755e+00
   8.6369684e+01   4.7563023e+00
   8.6382223e+01   4.7612983e+00
   8.6394925e+01   4.7663455e+00
   8.6400000e+01   4.7414743e+00
   8.6415650e+01   4.7475995e+00
   8.6429314e+01   4.7528963e+00
   8.6442978e+01   4.7581746e+00
   8.6456697e+01   4.7634550e+00
   8.6469767e+01   4.7684661e+00
   8.6482271e+01   4.7732427e+00
   8.6494955e+01   4.7780720e+00
   8.6500000e+01   4.8514786e+00
   8.6515705e+01   4.8574289e+00
   8.6529409e+01   4.8626001e+00
   8.6543113e+01   4.8677531e+00
   8.6556650e+01   4.8728253e+00
   8.6569543e+01   4.8776380e+00
   8.6582085e+01   4.8823037e+00
   8.6594984e+01   4.6917350e+00
   8.6600000e+01   4.9854270e+00
   8.6615584e+01   4.9912029e+00
   8.6629233e+01   4.9962404e+00
   8.6642882e+01   5.0012583e+00
   8.6656483e+01   5.0062386e+00
   8.6669479e+01   5.0109777e+00
   8.6682040e+01   5.0155404e+00
   8.6694849e+01   5.0201756e+00
   8.6700000e+01   4.7314808e+00
   8.6715576e+01   4.7370862e+00
   8.6729341e+01   4.7420171e+00
   8.6743106e+01   4.7469276e+00
   8.6756690e+01   4.7517529e+00
   8.6769556e+01   4.7563031e+00
   8.6782030e+01   4.7606965e+00
   8.6794897e+01   4.7652110e+00
   8.6800000e+01   4.9024834e+00
   8.6815686e+01   4.9079546e+00
   8.6829319e+01   4.9126854e+00
   8.6842952e+01   4.9173936e+00
   8.6856662e+01   4.9221056e+00
   8.6869758e+01   4.9265835e+00
   8.6882291e+01   4.9308483e+00
   8.6894974e+01   4.9351445e+00
   8.6900000e+01   4.7556403e+00
   8.6915673e+01   4.7609141e+00
   8.6929336e+01   4.7654862e+00
   8.6942998e+01   4.7700360e+00
   8.6956589e+01   4.7745399e+00
   8.6969565e+01   4.7788181e+00
   8.6982120e+01   4.7829379e+00
   8.6994945e+01   4.7871272e+00
   8.7000000e+01   5.0373305e+00
   8.7015594e+01   5.0423899e+00
   8.7029282e+01   5.0468057e+00
   8.7042970e+01   5.0511984e+00
   8.7056568e+01   5.0555393e+00
   8.7069522e+01   5.0596521e+00
   8.7082053e+01   5.0636102e+00
   8.7094878e+01   5.0676417e+00
   8.7100000e+01   4.8520919e+00
   8.7115618e+01   4.8569656e+00
   8.7129312e+01   4.8612130e+00
   8.7143006e+01   4.8654368e+00
   8.7156659e+01   4.8696246e+00
   8.7169650e+01   4.8735860e+00
   8.7182155e+01   4.8773783e+00
   8.7194921e+01   4.8812299e+00
   8.7200000e+01   4.8811445e+00
   8.7215676e+01   4.8858380e+00
   8.7229405e+01   4.8899233e+00
   8.7243133e+01   4.8939863e+00
   8.7256675e+01   4.8979719e+00
   8.7269546e+01   4.9017389e+00
   8.7282066e+01   4.9053840e+00
   8.7294968e+01   4.9091218e+00
   8.7300000e+01   5.1425564e+00
   8.7315638e+01   5.1470530e+00
   8.7329284e+01   5.1509521e+00
   8.7342929e+01   5.1548290e+00
   8.7356564e+01   5.1586803e+00
   8.7369589e+01   5.1623373e+00
   8.7382141e+01   5.1658412e+00
   8.7394911e+01   5.1693872e+00
   8.7400000e+01   4.8953068e+00
   8.7415613e+01   4.8996081e+00
   8.7429287e+01   4.9033501e+00
   8.7442961e+01   4.9070697e+00
   8.7456615e+01   4.9107611e+00
   8.7469625e+01   4.9142566e+00
   8.7482146e+01   4.9176007e+00
   8.7494906e+01   4.9209896e+00
   8.7500000e+01   5.2390612e+00
   8.7515653e+01   5.2431847e+00
   8.7529377e+01   5.2467758e+00
   8.7543101e+01   5.2503452e+00
   8.7556671e+01   5.2538529e+00
   8.7569568e+01   5.2571658e+00
   8.7582081e+01   5.2603612e+00
   8.7594950e+01   5.2636296e+00
   8.7600000e+01   5.0259288e+00
   8.7615650e+01   5.0298712e+00
   8.7629301e+01   5.0332859e+00
   8.7642952e+01   5.0366785e+00
   8.7656929e+01   5.0401275e+00
   8.7670175e+01   5.0433708e+00
   8.7682559e+01   5.0463796e+00
   8.7694960e+01   5.0493724e+00
   8.7700000e+01   5.2481864e+00
   8.7715914e+01   5.2519890e+00
   8.7729482e+01   5.2552037e+00
   8.7743050e+01   5.2583945e+00
   8.7756728e+01   5.2615875e+00
   8.7769867e+01   5.2646316e+00
   8.7782469e+01   5.2675295e+00
   8.7795165e+01   5.2704295e+00
   8.7800000e+01   5.1166358e+00
   8.7815635e+01   5.1201725e+00
   8.7829142e+01   5.1232029e+00
   8.7842650e+01   5.1262111e+00
   8.7856304e+01   5.1292296e+00
   8.7869485e+01   5.1321216e+00
   8.7882143e+01   5.1348781e+00
   8.7894844e+01   5.1376250e+00
   8.7900000e+01   5.1758722e+00
   8.7915479e+01   4.9852748e+00
   8.7929275e+01   4.9882187e+00
   8.7943071e+01   4.9911402e+00
   8.7956653e+01   4.9939944e+00
   8.7969486e+01   4.9966702e+00
   8.7981934e+01   4.9992467e+00
   8.7994813e+01   5.0018939e+00
   8.8000000e+01   5.0874421e+00
   8.8015692e+01   5.0906334e+00
   8.8029446e+01   5.0934065e+00
   8.8043199e+01   5.0961578e+00
   8.8056803e+01   5.0988577e+00
   8.8069697e+01   5.1013960e+00
   8.8082173e+01   5.1038333e+00
   8.8095013e+01   5.1063239e+00
   8.8100000e+01   5.0334557e+00
   8.8115719e+01   5.0364716e+00
   8.8129307e+01   5.0390553e+00
   8.8142896e+01   5.0416181e+00
   8.8156550e+01   5.0441727e+00
   8.8169650e+01   5.0466029e+00
   8.8182242e+01   5.0489199e+00
   8.8194970e+01   5.0512444e+00
   8.8200000e+01   4.9946961e+00
   8.8215588e+01   4.9975110e+00
   8.8229257e+01   4.9999567e+00
   8.8242926e+01   5.0023819e+00
   8.8256536e+01   5.0047761e+00
   8.8269518e+01   5.0070401e+00
   8.8282060e+01   5.0092093e+00
   8.8294865e+01   5.0114069e+00
   8.8300000e+01   5.1544341e+00
   8.8315606e+01   5.1570813e+00
   8.8329359e+01   5.1593923e+00
   8.8343112e+01   5.1616834e+00
   8.8356690e+01   5.1639258e+00
   8.8369564e+01   5.1660329e+00
   8.8382049e+01   5.1680596e+00
   8.8394918e+01   5.1701323e+00
   8.8400000e+01   5.0403444e+00
   8.8415675e+01   5.0428396e+00
   8.8429343e+01   5.0449943e+00
   8.8443011e+01   5.0471303e+00
   8.8456649e+01   5.0492431e+00
   8.8469654e+01   5.0512398e+00
   8.8482187e+01   5.0531476e+00
   8.8494961e+01   5.0550769e+00
   8.8500000e+01   5.2448242e+00
   8.8515649e+01   5.2471602e+00
   8.8529320e+01   5.2491814e+00
   8.8542991e+01   5.2511852e+00
   8.8556590e+01   5.2531613e+00
   8.8569562e+01   5.2550297e+00
   8.8582107e+01   5.2568215e+00
   8.8594926e+01   5.2586381e+00
   8.8600000e+01   4.9757080e+00
   8.8615614e+01   4.9778958e+00
   8.8629288e+01   4.9797938e+00
   8.8642963e+01   4.9816757e+00
   8.8656601e+01   4.9835368e+00
   8.8669600e+01   4.9852951e+00
   8.8682126e+01   4.9869756e+00
   8.8694902e+01   4.9886768e+00
   8.8700000e+01   5.1997329e+00
   8.8715641e+01   5.2017929e+00
   8.8729359e+01   5.2035833e+00
   8.8743078e+01   5.2053595e+00
   8.8756663e+01   5.2071044e+00
   8.8769578e+01   5.2087494e+00
   8.8782089e+01   5.2103310e+00
   8.8794938e+01   5.2119442e+00
   8.8800000e+01   4.8216887e+00
   8.8815653e+01   4.8236342e+00
   8.8829292e+01   4.8253152e+00
   8.8842932e+01   4.8269837e+00
   8.8856601e+01   4.8286435e+00
   8.8869657e+01   4.8302169e+00
   8.8882201e+01   4.8317177e+00
   8.8894932e+01   4.8332313e+00
   8.8900000e+01   4.9379810e+00
   8.8915638e+01   4.9398239e+00
   8.8929330e+01   4.9414254e+00
   8.8943022e+01   4.9430167e+00
   8.8956620e+01   4.9445872e+00
   8.8969570e+01   4.9460729e+00
   8.8982098e+01   4.9475017e+00
   8.8994924e+01   4.9489571e+00
   8.9000000e+01   4.9126778e+00
   8.9015633e+01   4.9144391e+00
   8.9029319e+01   4.9159716e+00
   8.9043005e+01   4.9174963e+00
   8.9056621e+01   4.9190058e+00
   8.9069591e+01   4.9204360e+00
   8.9082117e+01   4.9218108e+00
   8.9094922e+01   4.9232109e+00
   8.9100000e+01   5.0040706e+00
   8.9115635e+01   5.0057501e+00
   8.9129304e+01   5.0072115e+00
   8.9142972e+01   5.0086675e+00
   8.9156565e+01   5.0101104e+00
   8.9169535e+01   5.0114821e+00
   8.9182084e+01   5.0128050e+00
   8.9194909e+01   5.0141537e+00
   8.9200000e+01   4.9365891e+00
   8.9215603e+01   4.9382250e+00
   8.9229308e+01   4.9396580e+00
   8.9243013e+01   4.9410882e+00
   8.9256624e+01   4.9425059e+00
   8.9269571e+01   4.9438518e+00
   8.9282083e+01   4.9451504e+00
   8.9294899e+01   4.9464796e+00
   8.9300000e+01   5.0327992e+00
   8.9315649e+01   5.0344211e+00
   8.9329357e+01   5.0358408e+00
   8.9343066e+01   5.0372602e+00
   8.9356667e+01   5.0386685e+00
   8.9369603e+01   5.0400075e+00
   8.9382117e+01   5.0413030e+00
   8.9394945e+01   5.0426321e+00
   8.9400000e+01   4.9823722e+00
   8.9415657e+01   4.9839975e+00
   8.9429317e+01   4.9854170e+00
   8.9442978e+01   4.9868385e+00
   8.9456606e+01   4.9882590e+00
   8.9469611e+01   4.9896164e+00
   8.9482153e+01   4.9909276e+00
   8.9494936e+01   4.9922670e+00
   8.9500000e+01   4.9977531e+00
   8.9515629e+01   4.9993975e+00
   8.9529312e+01   5.0008410e+00
   8.9542995e+01   5.0022889e+00
   8.9556605e+01   5.0037337e+00
   8.9569574e+01   5.0051141e+00
   8.9582104e+01   5.0064520e+00
   8.9594914e+01   5.0078246e+00
   8.9600000e+01   4.9720030e+00
   8.9615631e+01   4.9736882e+00
   8.9629326e+01   4.9751708e+00
   8.9643020e+01   4.9766598e+00
   8.9656634e+01   4.9781466e+00
   8.9669594e+01   4.9795678e+00
   8.9682114e+01   4.9809465e+00
   8.9694923e+01   4.9823638e+00
   8.9700000e+01   5.0586978e+00
   8.9715647e+01   5.0604425e+00
   8.9729338e+01   5.0619773e+00
   8.9743029e+01   5.0635205e+00
   8.9756634e+01   5.0650625e+00
   8.9769591e+01   5.0665386e+00
   8.9782117e+01   5.0679730e+00
   8.9794935e+01   5.0694491e+00
   8.9800000e+01   5.1666212e+00
   8.9815640e+01   5.1684386e+00
   8.9829326e+01   5.1700392e+00
   8.9843012e+01   5.1716498e+00
   8.9856615e+01   5.1732609e+00
   8.9869576e+01   5.1748049e+00
   8.9882107e+01   5.1763066e+00
   8.9894925e+01   5.1778524e+00
   8.9900000e+01   5.0386386e+00
   8.9915632e+01   5.0405424e+00
   8.9929310e+01   5.0422200e+00
   8.9942989e+01   5.0439092e+00
   8.9956615e+01   5.0456036e+00
   8.9969601e+01   5.0472287e+00
   8.9982129e+01   5.0488062e+00
   8.9994919e+01   5.0504276e+00
   9.0000000e+01   4.9963769e+00
   9.0015641e+01   4.9983804e+00
   9.0029326e+01   5.0001466e+00
   9.0043012e+01   5.0019255e+00
   9.0056632e+01   4.8080379e+00
   9.0069605e+01   4.8097277e+00
   9.0082123e+01   4.8113692e+00
   9.0094913e+01   4.8130582e+00
   9.0100000e+01   4.9886690e+00
   9.0115646e+01   4.9907573e+00
   9.0129352e+01   4.9926012e+00
   9.0143058e+01   4.9944591e+00
   9.0156647e+01   4.9963150e+00
   9.0169577e+01   4.9980936e+00
   9.0182096e+01   4.9998279e+00
   9.0194938e+01   5.0016194e+00
   9.0200000e+01   4.7945673e+00
   9.0215643e+01   4.7967737e+00
   9.0229300e+01   4.7987155e+00
   9.0242957e+01   4.8006722e+00
   9.0256602e+01   4.8026421e+00
   9.0269623e+01   4.8045358e+00
   9.0282162e+01   4.8063722e+00
   9.0294925e+01   4.8082549e+00
   9.0300000e+01   5.0169483e+00
   9.0315635e+01   5.0192800e+00
   9.0329343e+01   5.0213410e+00
   9.0343050e+01   5.0234179e+00
   9.0356632e+01   5.0254915e+00
   9.0369553e+01   5.0274788e+00
   9.0382075e+01   5.0294181e+00
   9.0394925e+01   5.0314227e+00
   9.0400000e+01   5.0345687e+00
   9.0415636e+01   5.0370346e+00
   9.0429324e+01   5.0392108e+00
   9.0443012e+01   5.0414036e+00
   9.0456623e+01   5.0436006e+00
   9.0469587e+01   5.0457083e+00
   9.0482113e+01   5.0477589e+00
   9.0494924e+01   5.0498708e+00
   9.0500000e+01   4.7787979e+00
   9.0515639e+01   4.7814037e+00
   9.0529302e+01   4.7836981e+00
   9.0542964e+01   4.7860095e+00
   9.0556615e+01   4.7883358e+00
   9.0569635e+01   4.7905703e+00
   9.0582166e+01   4.7927355e+00
   9.0594925e+01   4.7949547e+00
   9.0600000e+01   5.0202176e+00
   9.0615644e+01   5.0229669e+00
   9.0629350e+01   5.0253940e+00
   9.0643056e+01   5.0278385e+00
   9.0656638e+01   5.0302779e+00
   9.0669561e+01   5.0326149e+00
   9.0682084e+01   4.8419081e+00
   9.0694934e+01   4.8443043e+00
   9.0700000e+01   4.8726675e+00
   9.0715618e+01   4.8756086e+00
   9.0729293e+01   4.8782011e+00
   9.0742968e+01   4.8808105e+00
   9.0756578e+01   4.8834240e+00
   9.0769554e+01   4.8859302e+00
   9.0782091e+01   4.8883652e+00
   9.0794898e+01   4.8908678e+00
   9.0800000e+01   4.8360254e+00
   9.0815620e+01   4.8391061e+00
   9.0829328e+01   4.8418271e+00
   9.0843036e+01   4.8445649e+00
   9.0856647e+01   4.8472999e+00
   9.0869591e+01   4.8499149e+00
   9.0882100e+01   4.8524556e+00
   9.0894918e+01   4.8550737e+00
   9.0900000e+01   4.8367224e+00
   9.0915657e+01   4.8399490e+00
   9.0929341e+01   4.8427860e+00
   9.0943024e+01   4.8456396e+00
   9.0956643e+01   4.8439980e+00
   9.0969618e+01   4.8466962e+00
   9.0982144e+01   4.8493161e+00
   9.0994945e+01   4.8520082e+00
   9.1000000e+01   4.8209391e+00
   9.1015646e+01   4.8242573e+00
   9.1029314e+01   4.8271741e+00
   9.1042981e+01   4.8301079e+00
   9.1056601e+01   4.8330486e+00
   9.1069594e+01   4.8358695e+00
   9.1082133e+01   4.8386064e+00
   9.1094926e+01   4.8414133e+00
   9.1100000e+01   4.9746678e+00
   9.1115627e+01   4.9781233e+00
   9.1129330e+01   4.9811713e+00
   9.1143033e+01   4.9842358e+00
   9.1156622e+01   4.9872912e+00
   9.1169555e+01   4.9902141e+00
   9.1182077e+01   4.9930583e+00
   9.1194917e+01   4.9959886e+00
   9.1200000e+01   4.9432979e+00
   9.1215635e+01   4.9468921e+00
   9.1229325e+01   4.9500563e+00
   9.1243015e+01   4.9532363e+00
   9.1256631e+01   4.9564150e+00
   9.1269598e+01   4.9594565e+00
   9.1282120e+01   4.9624071e+00
   9.1294926e+01   4.9654375e+00
   9.1300000e+01   5.0277481e+00
   9.1315645e+01   5.0314753e+00
   9.1329335e+01   5.0347527e+00
   9.1343025e+01   5.0380451e+00
   9.1356630e+01   4.8496944e+00
   9.1369588e+01   4.8528470e+00
   9.1382109e+01   4.8559043e+00
   9.1394917e+01   4.8590439e+00
   9.1400000e+01   4.7583105e+00
   9.1415640e+01   4.7621674e+00
   9.1429320e+01   4.7655547e+00
   9.1442999e+01   4.7689552e+00
   9.1456627e+01   4.7723557e+00
   9.1469612e+01   4.7756069e+00
   9.1482138e+01   4.7787536e+00
   9.1494928e+01   4.7819776e+00
   9.1500000e+01   4.6998289e+00
   9.1515645e+01   4.7037940e+00
   9.1529319e+01   4.7072721e+00
   9.1542993e+01   4.7107623e+00
   9.1556620e+01   4.7142523e+00
   9.1569610e+01   4.7175893e+00
   9.1582141e+01   4.7208178e+00
   9.1594930e+01   4.7241230e+00
   9.1600000e+01   4.8132447e+00
   9.1615639e+01   4.8173061e+00
   9.1629333e+01   4.8208737e+00
   9.1643026e+01   4.8244525e+00
   9.1656623e+01   4.8280169e+00
   9.1669571e+01   4.8314203e+00
   9.1682098e+01   4.8347217e+00
   9.1694926e+01   4.8381119e+00
   9.1700000e+01   4.6438738e+00
   9.1715635e+01   4.6480237e+00
   9.1729302e+01   4.6516617e+00
   9.1742969e+01   4.6553097e+00
   9.1756611e+01   4.6589608e+00
   9.1769620e+01   4.6624505e+00
   9.1782151e+01   4.6658197e+00
   9.1794920e+01   4.6692615e+00
   9.1800000e+01   4.7585004e+00
   9.1815642e+01   4.7627326e+00
   9.1829342e+01   4.7664487e+00
   9.1843042e+01   4.7701739e+00
   9.1856637e+01   4.7738794e+00
   9.1869578e+01   4.7774135e+00
   9.1882100e+01   4.7808403e+00
   9.1894932e+01   4.7843596e+00
   9.1900000e+01   4.8952173e+00
   9.1915641e+01   4.8945595e+00
   9.1929333e+01   4.8983597e+00
   9.1943025e+01   4.9021684e+00
   9.1956621e+01   4.9059588e+00
   9.1969570e+01   4.9095767e+00
   9.1982099e+01   4.9130841e+00
   9.1994927e+01   4.9166822e+00
   9.2000000e+01   5.1176463e+00
   9.2015633e+01   5.1220428e+00
   9.2029338e+01   5.1259053e+00
   9.2043043e+01   5.1297750e+00
   9.2056626e+01   5.1336175e+00
   9.2069553e+01   5.1372807e+00
   9.2082075e+01   5.1408353e+00
   9.2094922e+01   5.1444874e+00
   9.2100000e+01   5.0003234e+00
   9.2115635e+01   5.0047776e+00
   9.2129314e+01   5.0086814e+00
   9.2142994e+01   5.0125911e+00
   9.2156621e+01   4.8242378e+00
   9.2169606e+01   4.8279350e+00
   9.2182126e+01   4.8315035e+00
   9.2194906e+01   4.8351504e+00
   9.2200000e+01   4.6248346e+00
   9.2215644e+01   4.6293067e+00
   9.2229317e+01   4.6332191e+00
   9.2242990e+01   4.6371355e+00
   9.2256637e+01   4.6410479e+00
   9.2269643e+01   4.6447794e+00
   9.2282168e+01   4.6483750e+00
   9.2294934e+01   4.6520427e+00
   9.2300000e+01   4.7528750e+00
   9.2315655e+01   4.7573781e+00
   9.2329341e+01   4.7613176e+00
   9.2343028e+01   4.7652596e+00
   9.2356626e+01   4.7691784e+00
   9.2369583e+01   4.7729136e+00
   9.2382115e+01   4.7765278e+00
   9.2394939e+01   4.7802280e+00
   9.2400000e+01   4.9021021e+00
   9.2415633e+01   4.9066162e+00
   9.2429325e+01   4.9105712e+00
   9.2443017e+01   4.9145275e+00
   9.2456609e+01   4.9184558e+00
   9.2469554e+01   4.9221976e+00
   9.2482084e+01   4.9258197e+00
   9.2494918e+01   4.9295303e+00
   9.2500000e+01   4.8180155e+00
   9.2515628e+01   4.8225356e+00
   9.2529314e+01   4.8264941e+00
   9.2543001e+01   4.8304527e+00
   9.2556624e+01   4.8343928e+00
   9.2569598e+01   4.8381444e+00
   9.2582121e+01   4.8417647e+00
   9.2594918e+01   4.8454639e+00
   9.2600000e+01   4.8796013e+00
   9.2615645e+01   4.8841235e+00
   9.2629339e+01   4.8880801e+00
   9.2643032e+01   4.8920356e+00
   9.2656639e+01   4.8959646e+00
   9.2669594e+01   4.8997036e+00
   9.2682118e+01   4.9033161e+00
   9.2694935e+01   4.9070122e+00
   9.2700000e+01   4.7816720e+00
   9.2715644e+01   4.7861809e+00
   9.2729310e+01   4.7901170e+00
   9.2742976e+01   4.7940506e+00
   9.2756609e+01   4.7979721e+00
   9.2769611e+01   4.8017093e+00
   9.2782147e+01   4.8053095e+00
   9.2794927e+01   4.8089775e+00
   9.2800000e+01   4.9320714e+00
   9.2815635e+01   4.9365547e+00
   9.2829335e+01   4.9404791e+00
   9.2843034e+01   4.9444001e+00
   9.2856626e+01   4.9482866e+00
   9.2869564e+01   4.9519821e+00
   9.2882088e+01   4.9555558e+00
   9.2894924e+01   4.9592154e+00
   9.2900000e+01   5.0074206e+00
   9.2915636e+01   5.0118726e+00
   9.2929330e+01   5.0157665e+00
   9.2943023e+01   5.0196560e+00
   9.2956627e+01   5.0235153e+00
   9.2969580e+01   5.0271849e+00
   9.2982104e+01   5.0307286e+00
   9.2994925e+01   5.0343521e+00
   9.3000000e+01   4.9117029e+00
   9.3015639e+01   4.9161701e+00
   9.3029316e+01   4.9200713e+00
   9.3042993e+01   4.9239668e+00
   9.3056620e+01   4.9278423e+00
   9.3069608e+01   4.9315308e+00
   9.3082137e+01   4.9350842e+00
   9.3094926e+01   4.9387058e+00
   9.3100000e+01   5.0012219e+00
   9.3115642e+01   5.0056400e+00
   9.3129336e+01   4.8147832e+00
   9.3143030e+01   4.8186013e+00
   9.3156669e+01   4.8223972e+00
   9.3169647e+01   4.8260024e+00
   9.3182156e+01   4.8294711e+00
   9.3194938e+01   4.8330095e+00
   9.3200000e+01   4.6104723e+00
   9.3215671e+01   4.6147994e+00
   9.3229313e+01   4.6185580e+00
   9.3242955e+01   4.6223091e+00
   9.3256614e+01   4.6260575e+00
   9.3269662e+01   4.6296307e+00
   9.3282208e+01   4.6330593e+00
   9.3294949e+01   4.6365349e+00
   9.3300000e+01   4.8431258e+00
   9.3315638e+01   4.8473791e+00
   9.3329331e+01   4.8510948e+00
   9.3343024e+01   4.8548025e+00
   9.3356603e+01   4.8584711e+00
   9.3369537e+01   4.8619580e+00
   9.3382072e+01   4.8653299e+00
   9.3394920e+01   4.8687792e+00
   9.3400000e+01   4.8784836e+00
   9.3415619e+01   4.8826640e+00
   9.3429319e+01   4.8863215e+00
   9.3443018e+01   4.8899706e+00
   9.3456621e+01   4.8935857e+00
   9.3469568e+01   4.8970181e+00
   9.3482087e+01   4.9003299e+00
   9.3494911e+01   4.9036788e+00
   9.3500000e+01   4.9429861e+00
   9.3515641e+01   4.9470522e+00
   9.3529342e+01   4.9506040e+00
   9.3543042e+01   4.9541478e+00
   9.3556647e+01   4.9576586e+00
   9.3569593e+01   4.9609905e+00
   9.3582112e+01   4.9642041e+00
   9.3594934e+01   4.9674892e+00
   9.3600000e+01   5.0851508e+00
   9.3615649e+01   5.0891490e+00
   9.3629336e+01   5.0926360e+00
   9.3643022e+01   5.0961147e+00
   9.3656623e+01   5.0995631e+00
   9.3669580e+01   5.1028392e+00
   9.3682112e+01   5.1059993e+00
   9.3694934e+01   5.1092260e+00
   9.3700000e+01   4.9126664e+00
   9.3715633e+01   4.9165889e+00
   9.3729300e+01   4.9200079e+00
   9.3742967e+01   4.9234183e+00
   9.3756603e+01   4.9268121e+00
   9.3769607e+01   4.9300389e+00
   9.3782140e+01   4.9331403e+00
   9.3794916e+01   4.9362945e+00
   9.3800000e+01   5.0455081e+00
   9.3815636e+01   5.0493563e+00
   9.3829340e+01   5.0527184e+00
   9.3843043e+01   5.0560716e+00
   9.3856639e+01   5.0593893e+00
   9.3869575e+01   5.0625362e+00
   9.3882094e+01   5.0655731e+00
   9.3894928e+01   5.0686790e+00
   9.3900000e+01   5.1324230e+00
   9.3915643e+01   5.1361966e+00
   9.3929332e+01   5.1394877e+00
   9.3943020e+01   5.1427698e+00
   9.3956626e+01   5.1460229e+00
   9.3969586e+01   5.1491116e+00
   9.3982114e+01   5.1520885e+00
   9.3994930e+01   5.1551266e+00
   9.4000000e+01   5.0958236e+00
   9.4015637e+01   5.0995176e+00
   9.4029317e+01   5.1027381e+00
   9.4042996e+01   5.1059494e+00
   9.4056615e+01   5.1091369e+00
   9.4069593e+01   5.1121644e+00
   9.4082124e+01   4.9197876e+00
   9.4094923e+01   4.9227620e+00
   9.4100000e+01   4.8504960e+00
   9.4115616e+01   4.8541110e+00
   9.4129295e+01   4.8572662e+00
   9.4142974e+01   4.8604117e+00
   9.4156594e+01   4.8635339e+00
   9.4169575e+01   4.8664991e+00
   9.4182105e+01   4.8693521e+00
   9.4194902e+01   4.8722580e+00
   9.4200000e+01   4.9740498e+00
   9.4215632e+01   4.9775855e+00
   9.4229348e+01   4.9806766e+00
   9.4243064e+01   4.9837581e+00
   9.4256656e+01   4.9868022e+00
   9.4269578e+01   4.9896860e+00
   9.4282088e+01   4.9924692e+00
   9.4294929e+01   4.9953181e+00
   9.4300000e+01   4.8559598e+00
   9.4315653e+01   4.8594192e+00
   9.4329319e+01   4.8624286e+00
   9.4342985e+01   4.8654285e+00
   9.4356621e+01   4.8684125e+00
   9.4369627e+01   4.8712486e+00
   9.4382161e+01   4.8739732e+00
   9.4394937e+01   4.8767428e+00
   9.4400000e+01   4.9550878e+00
   9.4415640e+01   4.9584655e+00
   9.4429325e+01   4.9614105e+00
   9.4443010e+01   4.9643466e+00
   9.4456613e+01   4.9672562e+00
   9.4469574e+01   4.9700190e+00
   9.4482105e+01   4.9726822e+00
   9.4494925e+01   4.9753996e+00
   9.4500000e+01   4.9469188e+00
   9.4515630e+01   4.9502201e+00
   9.4529318e+01   4.9531012e+00
   9.4543006e+01   4.9559741e+00
   9.4556619e+01   4.9588229e+00
   9.4569585e+01   4.9615274e+00
   9.4582110e+01   4.9641322e+00
   9.4594919e+01   4.9667895e+00
   9.4600000e+01   4.9990064e+00
   9.4615640e+01   5.0022400e+00
   9.4629333e+01   5.0050622e+00
   9.4643027e+01   5.0078766e+00
   9.4656634e+01   5.0106656e+00
   9.4669590e+01   5.0133127e+00
   9.4682113e+01   5.0158642e+00
   9.4694930e+01   5.0184698e+00
   9.4700000e+01   5.0213287e+00
   9.4715643e+01   5.0244989e+00
   9.4729325e+01   5.0272632e+00
   9.4743008e+01   5.0300205e+00
   9.4756621e+01   5.0327569e+00
   9.4769593e+01   5.0353566e+00
   9.4782123e+01   5.0378612e+00
   9.4794929e+01   5.0404155e+00
   9.4800000e+01   5.0978856e+00
   9.4815637e+01   5.1009957e+00
   9.4829326e+01   5.1037107e+00
   9.4843015e+01   5.1064193e+00
   9.4856620e+01   5.1091048e+00
   9.4869579e+01   5.1116556e+00
   9.4882106e+01   5.1141155e+00
   9.4894924e+01   5.1166276e+00
   9.4900000e+01   4.9724656e+00
   9.4915636e+01   4.9755222e+00
   9.4929313e+01   4.9781886e+00
   9.4942990e+01   4.9808492e+00
   9.4956619e+01   4.7883565e+00
   9.4969608e+01   4.7908699e+00
   9.4982130e+01   4.7932870e+00
   9.4994907e+01   4.7957487e+00
   9.5000000e+01   5.0128601e+00
   9.5015643e+01   5.0158665e+00
   9.5029359e+01   5.0184959e+00
   9.5043075e+01   5.0211200e+00
   9.5056656e+01   5.0237129e+00
   9.5069570e+01   5.0261725e+00
   9.5082085e+01   5.0285514e+00
   9.5094938e+01   5.0309907e+00
   9.5100000e+01   5.1100690e+00
   9.5115647e+01   5.1130321e+00
   9.5129328e+01   5.1156171e+00
   9.5143009e+01   5.1181975e+00
   9.5156615e+01   5.1207595e+00
   9.5169583e+01   5.1231961e+00
   9.5182117e+01   5.1255469e+00
   9.5194931e+01   5.1279468e+00
   9.5200000e+01   4.9031135e+00
   9.5215631e+01   4.9060358e+00
   9.5229298e+01   4.9085861e+00
   9.5242965e+01   4.9111324e+00
   9.5256604e+01   4.9136695e+00
   9.5269611e+01   4.9160844e+00
   9.5282143e+01   4.9184073e+00
   9.5294916e+01   4.9207720e+00
   9.5300000e+01   4.9108551e+00
   9.5315638e+01   4.9137461e+00
   9.5329331e+01   4.9162733e+00
   9.5343024e+01   4.9187971e+00
   9.5356636e+01   4.9213029e+00
   9.5369596e+01   4.9236848e+00
   9.5382118e+01   4.9259829e+00
   9.5394930e+01   4.9283320e+00
   9.5400000e+01   4.7863253e+00
   9.5415646e+01   4.7891914e+00
   9.5429314e+01   4.7916914e+00
   9.5442981e+01   4.7941890e+00
   9.5456617e+01   4.7966784e+00
   9.5469621e+01   4.7990493e+00
   9.5482154e+01   4.8013318e+00
   9.5494931e+01   4.8036572e+00
   9.5500000e+01   5.0271891e+00
   9.5515640e+01   5.0300340e+00
   9.5529343e+01   5.0325242e+00
   9.5543046e+01   5.0350130e+00
   9.5556627e+01   5.0374781e+00
   9.5569554e+01   5.0398221e+00
   9.5582079e+01   5.0420919e+00
   9.5594928e+01   5.0444199e+00
   9.5600000e+01   4.9436492e+00
   9.5615632e+01   4.9464815e+00
   9.5629311e+01   4.9489583e+00
   9.5642990e+01   4.9514345e+00
   9.5656614e+01   4.9539001e+00
   9.5669597e+01   4.9562484e+00
   9.5682126e+01   4.9585135e+00
   9.5694919e+01   4.9608266e+00
   9.5700000e+01   5.0199584e+00
   9.5715639e+01   5.0227872e+00
   9.5729335e+01   5.0252640e+00
   9.5743031e+01   5.0277410e+00
   9.5756634e+01   5.0302014e+00
   9.5769585e+01   5.0325430e+00
   9.5782107e+01   5.0348070e+00
   9.5794929e+01   5.0371259e+00
   9.5800000e+01   4.8721764e+00
   9.5815643e+01   4.8750080e+00
   9.5829311e+01   4.8774822e+00
   9.5842979e+01   4.8799573e+00
   9.5856615e+01   4.8824274e+00
   9.5869618e+01   4.8847828e+00
   9.5882151e+01   4.8870532e+00
   9.5894928e+01   4.8893690e+00
   9.5900000e+01   4.9692256e+00
   9.5915640e+01   4.7766252e+00
   9.5929326e+01   4.7791030e+00
   9.5943011e+01   4.7815823e+00
   9.5956642e+01   4.7840531e+00
   9.5969624e+01   4.7864069e+00
   9.5982145e+01   4.7886781e+00
   9.5994933e+01   4.7909995e+00
   9.6000000e+01   4.7242188e+00
   9.6015654e+01   4.7270648e+00
   9.6029323e+01   4.7295515e+00
   9.6042992e+01   4.7320403e+00
   9.6056620e+01   4.7345240e+00
   9.6069617e+01   4.7368941e+00
   9.6082152e+01   4.7391817e+00
   9.6094938e+01   4.7415174e+00
   9.6100000e+01   4.8380160e+00
   9.6115637e+01   4.8408781e+00
   9.6129326e+01   4.8433863e+00
   9.6143015e+01   4.8458975e+00
   9.6156612e+01   4.8483951e+00
   9.6169565e+01   4.8507766e+00
   9.6182096e+01   4.8530830e+00
   9.6194922e+01   4.8554471e+00
   9.6200000e+01   4.7879932e+00
   9.6215629e+01   4.7908807e+00
   9.6229315e+01   4.7934127e+00
   9.6243001e+01   4.7959487e+00
   9.6256620e+01   4.7984761e+00
   9.6269593e+01   4.8008866e+00
   9.6282117e+01   4.8032170e+00
   9.6294919e+01   4.8056027e+00
   9.6300000e+01   4.9983171e+00
   9.6315642e+01   5.0012404e+00
   9.6329351e+01   5.0038068e+00
   9.6343059e+01   5.0063779e+00
   9.6356643e+01   5.0089304e+00
   9.6369567e+01   5.0113623e+00
   9.6382086e+01   5.0137221e+00
   9.6394934e+01   5.0161484e+00
   9.6400000e+01   4.9882462e+00
   9.6415641e+01   4.9912092e+00
   9.6429319e+01   4.9938053e+00
   9.6442996e+01   4.9964065e+00
   9.6456614e+01   4.9990016e+00
   9.6469593e+01   5.0014793e+00
   9.6482126e+01   5.0038758e+00
   9.6494926e+01   5.0063285e+00
   9.6500000e+01   4.9488164e+00
   9.6515634e+01   4.9518219e+00
   9.6529318e+01   4.9544577e+00
   9.6543001e+01   4.9570992e+00
   9.6556619e+01   4.9597336e+00
   9.6569594e+01   4.9622480e+00
   9.6582121e+01   4.9646800e+00
   9.6594922e+01   4.9671703e+00
   9.6600000e+01   5.0776057e+00
   9.6615640e+01   5.0806584e+00
   9.6629338e+01   5.0833378e+00
   9.6643036e+01   5.0860231e+00
   9.6656633e+01   5.0886944e+00
   9.6669577e+01   5.0912418e+00
   9.6682100e+01   5.0937110e+00
   9.6694929e+01   5.0962458e+00
   9.6700000e+01   4.9543464e+00
   9.6715640e+01   4.9574470e+00
   9.6729312e+01   4.9601631e+00
   9.6742984e+01   4.9628850e+00
   9.6756615e+01   4.9656044e+00
   9.6769610e+01   4.9682017e+00
   9.6782142e+01   4.9707108e+00
   9.6794926e+01   4.9732755e+00
   9.6800000e+01   4.9910964e+00
   9.6815639e+01   4.9942442e+00
   9.6829327e+01   4.9970051e+00
   9.6843015e+01   4.9997718e+00
   9.6856625e+01   5.0025281e+00
   9.6869588e+01   5.0051581e+00
   9.6882114e+01   5.0077039e+00
   9.6894927e+01   5.0103131e+00
   9.6900000e+01   4.9004307e+00
   9.6915639e+01   4.9036255e+00
   9.6929315e+01   4.9064250e+00
   9.6942991e+01   4.9092300e+00
   9.6956618e+01   4.9120306e+00
   9.6969607e+01   4.9147043e+00
   9.6982136e+01   4.9172880e+00
   9.6994926e+01   4.9199301e+00
   9.7000000e+01   5.0280810e+00
   9.7015640e+01   5.0313220e+00
   9.7029336e+01   5.0341657e+00
   9.7043031e+01   5.0370149e+00
   9.7056629e+01   5.0398491e+00
   9.7069576e+01   5.0425520e+00
   9.7082101e+01   5.0451711e+00
   9.7094929e+01   5.0478587e+00
   9.7100000e+01   5.2454763e+00
   9.7115638e+01   5.2487622e+00
   9.7129337e+01   5.2516462e+00
   9.7143036e+01   5.2545357e+00
   9.7156626e+01   5.2574073e+00
   9.7169563e+01   5.2601452e+00
   9.7182088e+01   5.2628002e+00
   9.7194926e+01   5.2655263e+00
   9.7200000e+01   5.2597199e+00
   9.7215635e+01   5.2630492e+00
   9.7229322e+01   5.2659690e+00
   9.7243009e+01   5.2688938e+00
   9.7256621e+01   5.2718075e+00
   9.7269586e+01   5.2745866e+00
   9.7282112e+01   5.0830422e+00
   9.7294923e+01   5.0858096e+00
   9.7300000e+01   4.9799489e+00
   9.7315624e+01   4.9833336e+00
   9.7329296e+01   4.9862992e+00
   9.7342969e+01   4.9892691e+00
   9.7356596e+01   4.9922330e+00
   9.7369587e+01   4.9950608e+00
   9.7382119e+01   4.9977912e+00
   9.7394908e+01   5.0005814e+00
   9.7400000e+01   5.1149825e+00
   9.7415632e+01   5.1184017e+00
   9.7429343e+01   5.1214037e+00
   9.7443054e+01   5.1244097e+00
   9.7456648e+01   5.1273935e+00
   9.7469575e+01   5.1302329e+00
   9.7482090e+01   5.1329835e+00
   9.7494927e+01   5.1358091e+00
   9.7500000e+01   4.9120299e+00
   9.7515649e+01   4.9154821e+00
   9.7529312e+01   4.9184987e+00
   9.7542975e+01   4.9215185e+00
   9.7556618e+01   4.9245372e+00
   9.7569632e+01   4.9274179e+00
   9.7582167e+01   4.9301938e+00
   9.7594933e+01   4.9330244e+00
   9.7600000e+01   4.9789096e+00
   9.7615642e+01   4.9823848e+00
   9.7629326e+01   4.9854272e+00
   9.7643010e+01   4.9884725e+00
   9.7656617e+01   4.9915035e+00
   9.7669583e+01   4.9943924e+00
   9.7682114e+01   4.9971859e+00
   9.7694927e+01   5.0000455e+00
   9.7700000e+01   4.9364923e+00
   9.7715634e+01   4.9399878e+00
   9.7729316e+01   4.9430488e+00
   9.7742998e+01   4.9461123e+00
   9.7756617e+01   4.9491642e+00
   9.7769592e+01   4.9520727e+00
   9.7782120e+01   4.9548819e+00
   9.7794921e+01   4.9577549e+00
   9.7800000e+01   5.0018532e+00
   9.7815639e+01   5.0053695e+00
   9.7829333e+01   5.0084501e+00
   9.7843027e+01   5.0115331e+00
   9.7856632e+01   5.0145983e+00
   9.7869586e+01   5.0175172e+00
   9.7882109e+01   5.0203401e+00
   9.7894928e+01   5.0232323e+00
   9.7900000e+01   5.0783490e+00
   9.7915642e+01   5.0818839e+00
   9.7929330e+01   5.0849786e+00
   9.7943018e+01   5.0880755e+00
   9.7956624e+01   5.0911559e+00
   9.7969584e+01   5.0940905e+00
   9.7982113e+01   5.0969278e+00
   9.7994929e+01   5.0998329e+00
   9.8000000e+01   5.1743521e+00
   9.8015637e+01   5.1779019e+00
   9.8029328e+01   5.1810109e+00
   9.8043018e+01   5.1841220e+00
   9.8056621e+01   5.1872148e+00
   9.8069577e+01   5.1901604e+00
   9.8082104e+01   5.1930090e+00
   9.8094924e+01   5.1959265e+00
   9.8100000e+01   4.9299878e+00
   9.8115636e+01   4.9335508e+00
   9.8129304e+01   4.9366658e+00
   9.8142971e+01   4.9397821e+00
   9.8156615e+01   4.9428940e+00
   9.8169624e+01   4.9458608e+00
   9.8182154e+01   4.9487182e+00
   9.8194922e+01   4.9516313e+00
   9.8200000e+01   5.1068420e+00
   9.8215643e+01   5.1104151e+00
   9.8229344e+01   5.1135444e+00
   9.8243044e+01   5.1166747e+00
   9.8256637e+01   5.1197813e+00
   9.8269575e+01   5.1227374e+00
   9.8282098e+01   5.1255984e+00
   9.8294933e+01   5.1285320e+00
   9.8300000e+01   5.1100220e+00
   9.8315640e+01   5.1135999e+00
   9.8329319e+01   5.1167292e+00
   9.8342999e+01   5.1198590e+00
   9.8356614e+01   5.1229744e+00
   9.8369590e+01   5.1259422e+00
   9.8382121e+01   5.1288077e+00
   9.8394925e+01   5.1317363e+00
   9.8400000e+01   5.1643980e+00
   9.8415634e+01   5.1679768e+00
   9.8429326e+01   5.1711100e+00
   9.8443017e+01   5.1742433e+00
   9.8456624e+01   5.1773571e+00
   9.8469581e+01   5.1803206e+00
   9.8482106e+01   5.1831840e+00
   9.8494923e+01   5.1861146e+00
   9.8500000e+01   5.2080058e+00
   9.8515639e+01   5.2115836e+00
   9.8529329e+01   5.2147141e+00
   9.8543019e+01   5.2178441e+00
   9.8556628e+01   5.2209551e+00
   9.8569589e+01   5.2239156e+00
   9.8582114e+01   5.2267750e+00
   9.8594928e+01   5.2297001e+00
   9.8600000e+01   5.2276715e+00
   9.8615641e+01   5.2312430e+00
   9.8629325e+01   5.2343657e+00
   9.8643009e+01   5.2374874e+00
   9.8656622e+01   5.2405916e+00
   9.8669591e+01   5.2435463e+00
   9.8682120e+01   5.2463984e+00
   9.8694927e+01   5.2493134e+00
   9.8700000e+01   5.2871726e+00
   9.8715638e+01   5.2907318e+00
   9.8729326e+01   5.2938445e+00
   9.8743014e+01   5.2969556e+00
   9.8756622e+01   5.3000467e+00
   9.8769584e+01   5.3029876e+00
   9.8782111e+01   5.3058272e+00
   9.8794925e+01   5.3087308e+00
   9.8800000e+01   5.1827565e+00
   9.8815637e+01   5.1862988e+00
   9.8829317e+01   5.1893939e+00
   9.8842996e+01   5.1924868e+00
   9.8856620e+01   5.1955647e+00
   9.8869603e+01   5.1984938e+00
   9.8882131e+01   5.3961432e+00
   9.8894924e+01   5.3990390e+00
   9.8900000e+01   5.5398962e+00
   9.8915656e+01   5.5434366e+00
   9.8929353e+01   5.5465304e+00
   9.8943050e+01   5.5496214e+00
   9.8956652e+01   5.5526878e+00
   9.8969600e+01   5.5556032e+00
   9.8982122e+01   5.5584196e+00
   9.8994946e+01   5.5613012e+00
   9.9000000e+01   5.4722140e+00
   9.9015646e+01   5.4757253e+00
   9.9029311e+01   5.4787876e+00
   9.9042976e+01   5.4818462e+00
   9.9056599e+01   5.4848920e+00
   9.9069597e+01   5.4877936e+00
   9.9082137e+01   5.4905892e+00
   9.9094926e+01   5.4934370e+00
   9.9100000e+01   5.6182628e+00
   9.9115627e+01   5.6217368e+00
   9.9129323e+01   5.6247768e+00
   9.9143020e+01   5.6278125e+00
   9.9156619e+01   5.6308222e+00
   9.9169566e+01   5.6336825e+00
   9.9182089e+01   5.6364449e+00
   9.9194916e+01   5.6392702e+00
   9.9200000e+01   5.4597306e+00
   9.9215637e+01   5.4631682e+00
   9.9229322e+01   5.4661712e+00
   9.9243008e+01   5.4691690e+00
   9.9256632e+01   5.4721481e+00
   9.9269608e+01   5.4749801e+00
   9.9282131e+01   5.4777081e+00
   9.9294927e+01   5.4804911e+00
   9.9300000e+01   5.5290408e+00
   9.9315647e+01   5.5324360e+00
   9.9329332e+01   5.5353988e+00
   9.9343017e+01   5.5383560e+00
   9.9356628e+01   5.5412914e+00
   9.9369595e+01   5.5440819e+00
   9.9382124e+01   5.5467725e+00
   9.9394933e+01   5.5495183e+00
   9.9400000e+01   5.6804854e+00
   9.9415639e+01   5.6838289e+00
   9.9429325e+01   5.6867479e+00
   9.9443012e+01   5.6896608e+00
   9.9456616e+01   5.6925497e+00
   9.9469577e+01   5.6952953e+00
   9.9482106e+01   5.6979437e+00
   9.9494924e+01   5.7006476e+00
   9.9500000e+01   5.5532415e+00
   9.9515633e+01   5.5565295e+00
   9.9529316e+01   5.5593999e+00
   9.9542999e+01   5.5622634e+00
   9.9556620e+01   5.5651070e+00
   9.9569596e+01   5.5678090e+00
   9.9582122e+01   5.5704108e+00
   9.9594921e+01   5.5730635e+00
   9.9600000e+01   5.8211407e+00
   9.9615641e+01   5.8243719e+00
   9.9629340e+01   5.8271940e+00
   9.9643039e+01   5.8300089e+00
   9.9656636e+01   5.8327956e+00
   9.9669578e+01   5.8354407e+00
   9.9682101e+01   5.8379932e+00
   9.9694931e+01   5.8406024e+00
   9.9700000e+01   5.6973011e+00
   9.9715641e+01   5.7004709e+00
   9.9729317e+01   5.7032341e+00
   9.9742994e+01   5.7059898e+00
   9.9756616e+01   5.7087270e+00
   9.9769600e+01   5.7113281e+00
   9.9782131e+01   5.7138315e+00
   9.9794926e+01   5.7163811e+00
   9.9800000e+01   5.5429386e+00
   9.9815637e+01   5.5460430e+00
   9.9829316e+01   5.5487499e+00
   9.9842995e+01   5.5514490e+00
   9.9856619e+01   5.5541292e+00
   9.9869601e+01   5.5566752e+00
   9.9882130e+01   5.5591248e+00
   9.9894923e+01   5.5616197e+00
   9.9900000e+01   5.6586812e+00
   9.9915640e+01   5.6617193e+00
   9.9929331e+01   5.6643697e+00
   9.9943023e+01   5.6670122e+00
   9.9956629e+01   5.6696301e+00
   9.9969586e+01   5.6721150e+00
   9.9982111e+01   5.6745097e+00
   9.9994928e+01   5.6769536e+00
   1.0000000e+02   5.6648361e+00
   1.0001564e+02   5.6678062e+00
   1.0002932e+02   5.6703955e+00
   1.0004301e+02   5.6729769e+00
   1.0005662e+02   5.6755370e+00
   1.0006959e+02   5.6779680e+00
   1.0008212e+02   5.6803088e+00
   1.0009493e+02   5.6826947e+00
   1.0010000e+02   5.9154124e+00
   1.0011564e+02   5.9183137e+00
   1.0012933e+02   5.9208456e+00
   1.0014303e+02   5.9233694e+00
   1.0015663e+02   5.9258676e+00
   1.0016957e+02   6.1245364e+00
   1.0018210e+02   6.1268363e+00
   1.0019493e+02   6.1291846e+00
   1.0020000e+02   5.9751606e+00
   1.0021564e+02   5.9780101e+00
   1.0022932e+02   5.9804940e+00
   1.0024300e+02   5.9829696e+00
   1.0025662e+02   5.9854258e+00
   1.0026960e+02   5.9877588e+00
