   1.0000000000000000e-03   9.9969999999999999e+00
   1.0000000000000000e+01   9.9939999999999998e+00
   1.0116000000000000e+01   9.9939999999999998e+00
   1.0233000000000001e+01   9.9939999999999998e+00
   1.0351000000000001e+01   9.9939999999999998e+00
   1.0471000000000000e+01   9.9939999999999998e+00
   1.0593000000000000e+01   9.9939999999999998e+00
   1.0715000000000000e+01   9.9930000000000003e+00
   1.0839000000000000e+01   9.9930000000000003e+00
   1.0965000000000000e+01   9.9930000000000003e+00
   1.1092000000000001e+01   9.9930000000000003e+00
   1.1220000000000001e+01   9.9930000000000003e+00
   1.1350000000000000e+01   9.9930000000000003e+00
   1.1481999999999999e+01   9.9930000000000003e+00
   1.1614000000000001e+01   9.9930000000000003e+00
   1.1749000000000001e+01   9.9930000000000003e+00
   1.1885000000000000e+01   9.9930000000000003e+00
   1.2023000000000000e+01   9.9930000000000003e+00
   1.2162000000000001e+01   9.9920000000000009e+00
   1.2303000000000001e+01   9.9920000000000009e+00
   1.2445000000000000e+01   9.9920000000000009e+00
   1.2589000000000000e+01   9.9920000000000009e+00
   1.2734999999999999e+01   9.9920000000000009e+00
   1.2882000000000000e+01   9.9920000000000009e+00
   1.3032000000000000e+01   9.9920000000000009e+00
   1.3183000000000000e+01   9.9920000000000009e+00
   1.3335000000000001e+01   9.9909999999999997e+00
   1.3490000000000000e+01   9.9909999999999997e+00
   1.3646000000000001e+01   9.9909999999999997e+00
   1.3804000000000000e+01   9.9909999999999997e+00
   1.3964000000000000e+01   9.9909999999999997e+00
   1.4125000000000000e+01   9.9909999999999997e+00
   1.4289000000000000e+01   9.9909999999999997e+00
   1.4454000000000001e+01   9.9900000000000002e+00
   1.4622000000000000e+01   9.9900000000000002e+00
   1.4791000000000000e+01   9.9900000000000002e+00
   1.4962000000000000e+01   9.9900000000000002e+00
   1.5135999999999999e+01   9.9900000000000002e+00
   1.5311000000000000e+01   9.9900000000000002e+00
   1.5488000000000000e+01   9.9890000000000008e+00
   1.5667999999999999e+01   9.9890000000000008e+00
   1.5849000000000000e+01   9.9890000000000008e+00
   1.6032000000000000e+01   9.9890000000000008e+00
   1.6218000000000000e+01   9.9890000000000008e+00
   1.6405999999999999e+01   9.9879999999999995e+00
   1.6596000000000000e+01   9.9879999999999995e+00
   1.6788000000000000e+01   9.9879999999999995e+00
   1.6981999999999999e+01   9.9879999999999995e+00
   1.7178999999999998e+01   9.9879999999999995e+00
   1.7378000000000000e+01   9.9870000000000001e+00
   1.7579000000000001e+01   9.9870000000000001e+00
   1.7783000000000001e+01   9.9870000000000001e+00
   1.7989000000000001e+01   9.9870000000000001e+00
   1.8196999999999999e+01   9.9860000000000007e+00
   1.8408000000000001e+01   9.9860000000000007e+00
   1.8620999999999999e+01   9.9860000000000007e+00
   1.8835999999999999e+01   9.9860000000000007e+00
   1.9055000000000000e+01   9.9849999999999994e+00
   1.9274999999999999e+01   9.9849999999999994e+00
   1.9498000000000001e+01   9.9849999999999994e+00
   1.9724000000000000e+01   9.9840000000000000e+00
   1.9952999999999999e+01   9.9840000000000000e+00
   2.0184000000000001e+01   9.9840000000000000e+00
   2.0417000000000002e+01   9.9830000000000005e+00
   2.0654000000000000e+01   9.9830000000000005e+00
   2.0893000000000001e+01   9.9830000000000005e+00
   2.1135000000000002e+01   9.9819999999999993e+00
   2.1379999999999999e+01   9.9819999999999993e+00
   2.1626999999999999e+01   9.9819999999999993e+00
   2.1878000000000000e+01   9.9809999999999999e+00
   2.2131000000000000e+01   9.9809999999999999e+00
   2.2387000000000000e+01   9.9809999999999999e+00
   2.2646000000000001e+01   9.9800000000000004e+00
   2.2908999999999999e+01   9.9800000000000004e+00
   2.3173999999999999e+01   9.9789999999999992e+00
   2.3442000000000000e+01   9.9789999999999992e+00
   2.3713999999999999e+01   9.9789999999999992e+00
   2.3988000000000000e+01   9.9779999999999998e+00
   2.4265999999999998e+01   9.9779999999999998e+00
   2.4547000000000001e+01   9.9770000000000003e+00
   2.4831000000000000e+01   9.9770000000000003e+00
   2.5119000000000000e+01   9.9760000000000009e+00
   2.5410000000000000e+01   9.9760000000000009e+00
   2.5704000000000001e+01   9.9749999999999996e+00
   2.6001999999999999e+01   9.9749999999999996e+00
   2.6303000000000001e+01   9.9740000000000002e+00
   2.6606999999999999e+01   9.9740000000000002e+00
   2.6914999999999999e+01   9.9730000000000008e+00
   2.7227000000000000e+01   9.9719999999999995e+00
   2.7542000000000002e+01   9.9719999999999995e+00
   2.7861000000000001e+01   9.9710000000000001e+00
   2.8184000000000001e+01   9.9710000000000001e+00
   2.8510000000000002e+01   9.9700000000000006e+00
   2.8840000000000000e+01   9.9689999999999994e+00
   2.9173999999999999e+01   9.9689999999999994e+00
   2.9512000000000000e+01   9.9680000000000000e+00
   2.9853999999999999e+01   9.9670000000000005e+00
   3.0199999999999999e+01   9.9659999999999993e+00
   3.0548999999999999e+01   9.9659999999999993e+00
   3.0902999999999999e+01   9.9649999999999999e+00
   3.1260999999999999e+01   9.9640000000000004e+00
   3.1623000000000001e+01   9.9629999999999992e+00
   3.1989000000000001e+01   9.9619999999999997e+00
   3.2359000000000002e+01   9.9610000000000003e+00
   3.2734000000000002e+01   9.9600000000000009e+00
   3.3113000000000000e+01   9.9600000000000009e+00
   3.3497000000000000e+01   9.9589999999999996e+00
   3.3884000000000000e+01   9.9580000000000002e+00
   3.4277000000000001e+01   9.9570000000000007e+00
   3.4673999999999999e+01   9.9550000000000001e+00
   3.5075000000000003e+01   9.9540000000000006e+00
   3.5481000000000002e+01   9.9529999999999994e+00
   3.5892000000000003e+01   9.9520000000000000e+00
   3.6308000000000000e+01   9.9510000000000005e+00
   3.6728000000000002e+01   9.9499999999999993e+00
   3.7154000000000003e+01   9.9480000000000004e+00
   3.7584000000000003e+01   9.9469999999999992e+00
   3.8018999999999998e+01   9.9459999999999997e+00
   3.8459000000000003e+01   9.9440000000000008e+00
   3.8905000000000001e+01   9.9429999999999996e+00
   3.9354999999999997e+01   9.9410000000000007e+00
   3.9811000000000000e+01   9.9390000000000001e+00
   4.0271999999999998e+01   9.9380000000000006e+00
   4.0738000000000000e+01   9.9359999999999999e+00
   4.1210000000000001e+01   9.9339999999999993e+00
   4.1686999999999998e+01   9.9320000000000004e+00
   4.2170000000000002e+01   9.9299999999999997e+00
   4.2658000000000001e+01   9.9280000000000008e+00
   4.3152000000000001e+01   9.9260000000000002e+00
   4.3652000000000001e+01   9.9239999999999995e+00
   4.4156999999999996e+01   9.9209999999999994e+00
   4.4667999999999999e+01   9.9190000000000005e+00
   4.5186000000000000e+01   9.9160000000000004e+00
   4.5709000000000003e+01   9.9130000000000003e+00
   4.6238000000000000e+01   9.9100000000000001e+00
   4.6774000000000001e+01   9.9070000000000000e+00
   4.7314999999999998e+01   9.9039999999999999e+00
   4.7863000000000000e+01   9.9009999999999998e+00
   4.8417000000000002e+01   9.8970000000000002e+00
   4.8978000000000002e+01   9.8930000000000007e+00
   4.9545000000000002e+01   9.8889999999999993e+00
   5.0119000000000000e+01   9.8849999999999998e+00
   5.0698999999999998e+01   9.8800000000000008e+00
   5.1286000000000001e+01   9.8759999999999994e+00
   5.1880000000000003e+01   9.8699999999999992e+00
   5.2481000000000002e+01   9.8650000000000002e+00
   5.3088000000000001e+01   9.8590000000000000e+00
   5.3703000000000003e+01   9.8529999999999998e+00
   5.4325000000000003e+01   9.8469999999999995e+00
   5.4954000000000001e+01   9.8399999999999999e+00
   5.5590000000000003e+01   9.8320000000000007e+00
   5.6234000000000002e+01   9.8239999999999998e+00
   5.6884999999999998e+01   9.8149999999999995e+00
   5.7543999999999997e+01   9.8059999999999992e+00
   5.8210000000000001e+01   9.7959999999999994e+00
   5.8884000000000000e+01   9.7859999999999996e+00
   5.9566000000000003e+01   9.7750000000000004e+00
   6.0256000000000000e+01   9.7620000000000005e+00
   6.0954000000000001e+01   9.7490000000000006e+00
   6.1659999999999997e+01   9.7349999999999994e+00
   6.2372999999999998e+01   9.7200000000000006e+00
   6.3095999999999997e+01   9.7040000000000006e+00
   6.3826000000000001e+01   9.6869999999999994e+00
   6.4564999999999998e+01   9.6679999999999993e+00
   6.5313000000000002e+01   9.6479999999999997e+00
   6.6069000000000003e+01   9.6259999999999994e+00
   6.6834000000000003e+01   9.6020000000000003e+00
   6.7608000000000004e+01   9.5770000000000000e+00
   6.8391000000000005e+01   9.5500000000000007e+00
   6.9183000000000007e+01   9.5199999999999996e+00
   6.9983999999999995e+01   9.4879999999999995e+00
   7.0795000000000002e+01   9.4540000000000006e+00
   7.1614000000000004e+01   9.4169999999999998e+00
   7.2444000000000003e+01   9.3780000000000001e+00
   7.3281999999999996e+01   9.3350000000000009e+00
   7.4131000000000000e+01   9.2889999999999997e+00
   7.4989000000000004e+01   9.2390000000000008e+00
   7.5858000000000004e+01   9.1859999999999999e+00
   7.6736000000000004e+01   9.1280000000000001e+00
   7.7625000000000000e+01   9.0670000000000002e+00
   7.8524000000000001e+01   9.0009999999999994e+00
   7.9433000000000007e+01   8.9299999999999997e+00
   8.0352999999999994e+01   8.8529999999999998e+00
   8.1283000000000001e+01   8.7720000000000002e+00
   8.2224000000000004e+01   8.6850000000000005e+00
   8.3176000000000002e+01   8.5909999999999993e+00
   8.4140000000000001e+01   8.4920000000000009e+00
   8.5114000000000004e+01   8.3859999999999992e+00
   8.6099000000000004e+01   8.2729999999999997e+00
   8.7096000000000004e+01   8.1530000000000005e+00
   8.8105000000000004e+01   8.0250000000000004e+00
   8.9125000000000000e+01   7.8899999999999997e+00
   9.0156999999999996e+01   7.7469999999999999e+00
   9.1200999999999993e+01   7.5960000000000001e+00
   9.2257000000000005e+01   7.4359999999999999e+00
   9.3325000000000003e+01   7.2690000000000001e+00
   9.4406000000000006e+01   7.0919999999999996e+00
   9.5498999999999995e+01   6.9080000000000004e+00
   9.6605000000000004e+01   6.7140000000000004e+00
   9.7724000000000004e+01   6.5119999999999996e+00
   9.8855000000000004e+01   6.3010000000000002e+00
   1.0000000000000000e+02   6.0810000000000004e+00
   1.0115800000000000e+02   5.8529999999999998e+00
   1.0232899999999999e+02   5.6170000000000000e+00
   1.0351400000000000e+02   5.3719999999999999e+00
   1.0471299999999999e+02   5.1189999999999998e+00
   1.0592500000000000e+02   4.8579999999999997e+00
   1.0715200000000000e+02   4.5890000000000004e+00
   1.0839300000000000e+02   4.3129999999999997e+00
   1.0964800000000000e+02   4.0289999999999999e+00
   1.1091700000000000e+02   3.7389999999999999e+00
   1.1220200000000000e+02   3.4420000000000002e+00
   1.1350100000000000e+02   3.1379999999999999e+00
   1.1481500000000000e+02   2.8279999999999998e+00
   1.1614500000000000e+02   2.5129999999999999e+00
   1.1748999999999999e+02   2.1920000000000002e+00
   1.1884999999999999e+02   1.8650000000000000e+00
   1.2022600000000000e+02   1.5340000000000000e+00
   1.2161900000000000e+02   1.1980000000000000e+00
   1.2302700000000000e+02   8.5799999999999998e-01
   1.2445099999999999e+02   5.1300000000000001e-01
   1.2589300000000000e+02   1.6500000000000001e-01
   1.2734999999999999e+02  -1.8800000000000000e-01
   1.2882499999999999e+02  -5.4300000000000004e-01
   1.3031700000000001e+02  -9.0200000000000002e-01
   1.3182599999999999e+02  -1.2629999999999999e+00
   1.3335200000000000e+02  -1.6279999999999999e+00
   1.3489599999999999e+02  -1.9940000000000000e+00
   1.3645800000000000e+02  -2.3639999999999999e+00
   1.3803800000000001e+02  -2.7349999999999999e+00
   1.3963700000000000e+02  -3.1090000000000000e+00
   1.4125399999999999e+02  -3.4840000000000000e+00
   1.4288900000000001e+02  -3.8610000000000002e+00
   1.4454400000000001e+02  -4.2400000000000002e+00
   1.4621799999999999e+02  -4.6200000000000001e+00
   1.4791100000000000e+02  -5.0019999999999998e+00
   1.4962400000000000e+02  -5.3849999999999998e+00
   1.5135599999999999e+02  -5.7690000000000001e+00
   1.5310900000000001e+02  -6.1550000000000002e+00
   1.5488200000000001e+02  -6.5410000000000004e+00
   1.5667500000000001e+02  -6.9279999999999999e+00
   1.5848900000000000e+02  -7.3159999999999998e+00
   1.6032499999999999e+02  -7.7050000000000001e+00
   1.6218100000000001e+02  -8.0950000000000006e+00
   1.6405900000000000e+02  -8.4849999999999994e+00
   1.6595900000000000e+02  -8.8759999999999994e+00
   1.6788000000000000e+02  -9.2680000000000007e+00
   1.6982400000000001e+02  -9.6600000000000001e+00
   1.7179100000000000e+02  -1.0052000000000000e+01
   1.7378000000000000e+02  -1.0445000000000000e+01
   1.7579200000000000e+02  -1.0839000000000000e+01
   1.7782800000000000e+02  -1.1233000000000001e+01
   1.7988700000000000e+02  -1.1627000000000001e+01
   1.8197000000000000e+02  -1.2021000000000001e+01
   1.8407700000000000e+02  -1.2416000000000000e+01
   1.8620900000000000e+02  -1.2811000000000000e+01
   1.8836500000000001e+02  -1.3207000000000001e+01
   1.9054599999999999e+02  -1.3603000000000000e+01
   1.9275200000000001e+02  -1.3997999999999999e+01
   1.9498400000000001e+02  -1.4395000000000000e+01
   1.9724199999999999e+02  -1.4791000000000000e+01
   1.9952600000000001e+02  -1.5186999999999999e+01
   2.0183699999999999e+02  -1.5584000000000000e+01
   2.0417400000000001e+02  -1.5981000000000000e+01
   2.0653800000000001e+02  -1.6378000000000000e+01
   2.0893000000000001e+02  -1.6774999999999999e+01
   2.1134899999999999e+02  -1.7172000000000001e+01
   2.1379599999999999e+02  -1.7570000000000000e+01
   2.1627199999999999e+02  -1.7966999999999999e+01
   2.1877600000000001e+02  -1.8364999999999998e+01
   2.2130900000000000e+02  -1.8763000000000002e+01
   2.2387200000000001e+02  -1.9161000000000001e+01
   2.2646400000000000e+02  -1.9558000000000000e+01
   2.2908699999999999e+02  -1.9956000000000000e+01
   2.3173900000000000e+02  -2.0355000000000000e+01
   2.3442300000000000e+02  -2.0753000000000000e+01
   2.3713700000000000e+02  -2.1151000000000000e+01
   2.3988300000000001e+02  -2.1548999999999999e+01
   2.4266100000000000e+02  -2.1948000000000000e+01
   2.4547100000000000e+02  -2.2346000000000000e+01
   2.4831299999999999e+02  -2.2744000000000000e+01
   2.5118899999999999e+02  -2.3143000000000001e+01
   2.5409700000000001e+02  -2.3542000000000002e+01
   2.5704000000000002e+02  -2.3940000000000001e+01
   2.6001600000000002e+02  -2.4338999999999999e+01
   2.6302699999999999e+02  -2.4738000000000000e+01
   2.6607299999999998e+02  -2.5135999999999999e+01
   2.6915300000000002e+02  -2.5535000000000000e+01
   2.7226999999999998e+02  -2.5934000000000001e+01
   2.7542300000000000e+02  -2.6332999999999998e+01
   2.7861200000000002e+02  -2.6731999999999999e+01
   2.8183800000000002e+02  -2.7131000000000000e+01
   2.8510199999999998e+02  -2.7530000000000001e+01
   2.8840300000000002e+02  -2.7928999999999998e+01
   2.9174299999999999e+02  -2.8327999999999999e+01
   2.9512099999999998e+02  -2.8727000000000000e+01
   2.9853800000000001e+02  -2.9126000000000001e+01
   3.0199500000000000e+02  -2.9524999999999999e+01
   3.0549200000000002e+02  -2.9923999999999999e+01
   3.0902999999999997e+02  -3.0323000000000000e+01
   3.1260800000000000e+02  -3.0722000000000001e+01
   3.1622800000000001e+02  -3.1120999999999999e+01
   3.1988999999999999e+02  -3.1521000000000001e+01
   3.2359399999999999e+02  -3.1920000000000002e+01
   3.2734100000000001e+02  -3.2319000000000003e+01
   3.3113099999999997e+02  -3.2718000000000004e+01
   3.3496499999999997e+02  -3.3118000000000002e+01
   3.3884399999999999e+02  -3.3517000000000003e+01
   3.4276799999999997e+02  -3.3915999999999997e+01
   3.4673700000000002e+02  -3.4316000000000003e+01
   3.5075200000000001e+02  -3.4715000000000003e+01
   3.5481299999999999e+02  -3.5113999999999997e+01
   3.5892200000000003e+02  -3.5514000000000003e+01
   3.6307799999999997e+02  -3.5912999999999997e+01
   3.6728199999999998e+02  -3.6313000000000002e+01
   3.7153500000000003e+02  -3.6712000000000003e+01
   3.7583699999999999e+02  -3.7110999999999997e+01
   3.8018900000000002e+02  -3.7511000000000003e+01
   3.8459199999999998e+02  -3.7909999999999997e+01
   3.8904500000000002e+02  -3.8310000000000002e+01
   3.9355000000000001e+02  -3.8709000000000003e+01
   3.9810700000000003e+02  -3.9109000000000002e+01
   4.0271699999999998e+02  -3.9508000000000003e+01
   4.0738000000000000e+02  -3.9908000000000001e+01
   4.1209800000000001e+02  -4.0308000000000000e+01
   4.1686900000000003e+02  -4.0707000000000001e+01
   4.2169700000000000e+02  -4.1106999999999999e+01
   4.2657999999999998e+02  -4.1506000000000000e+01
   4.3151900000000001e+02  -4.1905999999999999e+01
   4.3651600000000002e+02  -4.2305000000000000e+01
   4.4156999999999999e+02  -4.2704999999999998e+01
   4.4668400000000003e+02  -4.3104999999999997e+01
   4.5185599999999999e+02  -4.3503999999999998e+01
   4.5708800000000002e+02  -4.3904000000000003e+01
   4.6238099999999997e+02  -4.4304000000000002e+01
   4.6773500000000001e+02  -4.4703000000000003e+01
   4.7315100000000001e+02  -4.5103000000000002e+01
   4.7863000000000000e+02  -4.5503000000000000e+01
   4.8417200000000003e+02  -4.5902000000000001e+01
   4.8977900000000000e+02  -4.6302000000000000e+01
   4.9544999999999999e+02  -4.6701999999999998e+01
   5.0118700000000001e+02  -4.7100999999999999e+01
   5.0699099999999999e+02  -4.7500999999999998e+01
   5.1286099999999999e+02  -4.7901000000000003e+01
   5.1879999999999995e+02  -4.8299999999999997e+01
   5.2480700000000002e+02  -4.8700000000000003e+01
   5.3088400000000001e+02  -4.9100000000000001e+01
   5.3703200000000004e+02  -4.9500000000000000e+01
   5.4325000000000000e+02  -4.9899000000000001e+01
   5.4954100000000005e+02  -5.0298999999999999e+01
   5.5590400000000000e+02  -5.0698999999999998e+01
   5.6234100000000001e+02  -5.1098999999999997e+01
   5.6885299999999995e+02  -5.1497999999999998e+01
   5.7544000000000005e+02  -5.1898000000000003e+01
   5.8210299999999995e+02  -5.2298000000000002e+01
   5.8884400000000005e+02  -5.2698000000000000e+01
   5.9566200000000003e+02  -5.3097999999999999e+01
   6.0255999999999995e+02  -5.3497000000000000e+01
   6.0953700000000003e+02  -5.3896999999999998e+01
   6.1659500000000003e+02  -5.4296999999999997e+01
   6.2373500000000001e+02  -5.4697000000000003e+01
   6.3095699999999999e+02  -5.5097000000000001e+01
   6.3826300000000003e+02  -5.5496000000000002e+01
   6.4565400000000000e+02  -5.5896000000000001e+01
   6.5313099999999997e+02  -5.6295999999999999e+01
   6.6069299999999998e+02  -5.6695999999999998e+01
   6.6834400000000005e+02  -5.7095999999999997e+01
   6.7608299999999997e+02  -5.7496000000000002e+01
   6.8391200000000003e+02  -5.7895000000000003e+01
   6.9183100000000002e+02  -5.8295000000000002e+01
   6.9984199999999998e+02  -5.8695000000000000e+01
   7.0794600000000003e+02  -5.9094999999999999e+01
   7.1614300000000003e+02  -5.9494999999999997e+01
   7.2443600000000004e+02  -5.9895000000000003e+01
   7.3282500000000005e+02  -6.0293999999999997e+01
   7.4130999999999995e+02  -6.0694000000000003e+01
   7.4989400000000001e+02  -6.1094000000000001e+01
   7.5857799999999997e+02  -6.1494000000000000e+01
   7.6736099999999999e+02  -6.1893999999999998e+01
   7.7624699999999996e+02  -6.2293999999999997e+01
   7.8523599999999999e+02  -6.2694000000000003e+01
   7.9432799999999997e+02  -6.3094000000000001e+01
   8.0352599999999995e+02  -6.3493000000000002e+01
   8.1283100000000002e+02  -6.3893000000000001e+01
   8.2224300000000005e+02  -6.4293000000000006e+01
   8.3176400000000001e+02  -6.4692999999999998e+01
   8.4139499999999998e+02  -6.5093000000000004e+01
   8.5113800000000003e+02  -6.5492999999999995e+01
   8.6099400000000003e+02  -6.5893000000000001e+01
   8.7096400000000006e+02  -6.6293000000000006e+01
   8.8104899999999998e+02  -6.6692999999999998e+01
   8.9125099999999998e+02  -6.7093000000000004e+01
   9.0157100000000003e+02  -6.7492000000000004e+01
   9.1201099999999997e+02  -6.7891999999999996e+01
   9.2257100000000003e+02  -6.8292000000000002e+01
   9.3325400000000002e+02  -6.8691999999999993e+01
   9.4406100000000004e+02  -6.9091999999999999e+01
   9.5499300000000005e+02  -6.9492000000000004e+01
   9.6605100000000004e+02  -6.9891999999999996e+01
   9.7723699999999997e+02  -7.0292000000000002e+01
   9.8855300000000000e+02  -7.0691999999999993e+01
   1.0000000000000000e+03  -7.1091999999999999e+01
   1.0115790000000000e+03  -7.1492000000000004e+01
   1.0232930000000000e+03  -7.1891999999999996e+01
   1.0351420000000001e+03  -7.2290999999999997e+01
   1.0471289999999999e+03  -7.2691000000000003e+01
   1.0592539999999999e+03  -7.3090999999999994e+01
   1.0715190000000000e+03  -7.3491000000000000e+01
   1.0839269999999999e+03  -7.3891000000000005e+01
   1.0964780000000001e+03  -7.4290999999999997e+01
   1.1091750000000000e+03  -7.4691000000000003e+01
   1.1220180000000000e+03  -7.5090999999999994e+01
   1.1350110000000000e+03  -7.5491000000000000e+01
   1.1481540000000000e+03  -7.5891000000000005e+01
   1.1614490000000001e+03  -7.6290999999999997e+01
   1.1748979999999999e+03  -7.6691000000000003e+01
   1.1885020000000000e+03  -7.7090999999999994e+01
   1.2022639999999999e+03  -7.7491000000000000e+01
   1.2161859999999999e+03  -7.7891000000000005e+01
   1.2302690000000000e+03  -7.8290999999999997e+01
   1.2445150000000001e+03  -7.8691000000000003e+01
   1.2589250000000000e+03  -7.9090999999999994e+01
   1.2735029999999999e+03  -7.9489999999999995e+01
   1.2882500000000000e+03  -7.9890000000000001e+01
   1.3031669999999999e+03  -8.0290000000000006e+01
   1.3182570000000001e+03  -8.0689999999999998e+01
   1.3335210000000000e+03  -8.1090000000000003e+01
   1.3489630000000000e+03  -8.1489999999999995e+01
   1.3645830000000001e+03  -8.1890000000000001e+01
   1.3803840000000000e+03  -8.2290000000000006e+01
   1.3963679999999999e+03  -8.2689999999999998e+01
   1.4125380000000000e+03  -8.3090000000000003e+01
   1.4288940000000000e+03  -8.3489999999999995e+01
   1.4454400000000001e+03  -8.3890000000000001e+01
   1.4621769999999999e+03  -8.4290000000000006e+01
   1.4791079999999999e+03  -8.4689999999999998e+01
   1.4962360000000001e+03  -8.5090000000000003e+01
   1.5135609999999999e+03  -8.5489999999999995e+01
   1.5310870000000000e+03  -8.5890000000000001e+01
   1.5488170000000000e+03  -8.6290000000000006e+01
   1.5667510000000000e+03  -8.6689999999999998e+01
   1.5848930000000000e+03  -8.7090000000000003e+01
   1.6032449999999999e+03  -8.7489999999999995e+01
   1.6218099999999999e+03  -8.7890000000000001e+01
   1.6405899999999999e+03  -8.8290000000000006e+01
   1.6595870000000000e+03  -8.8689999999999998e+01
   1.6788040000000001e+03  -8.9090000000000003e+01
   1.6982439999999999e+03  -8.9489999999999995e+01
   1.7179079999999999e+03  -8.9890000000000001e+01
   1.7378009999999999e+03  -9.0290000000000006e+01
   1.7579240000000000e+03  -9.0689999999999998e+01
   1.7782790000000000e+03  -9.1088999999999999e+01
   1.7988710000000001e+03  -9.1489000000000004e+01
   1.8197010000000000e+03  -9.1888999999999996e+01
   1.8407719999999999e+03  -9.2289000000000001e+01
   1.8620870000000000e+03  -9.2688999999999993e+01
   1.8836489999999999e+03  -9.3088999999999999e+01
   1.9054610000000000e+03  -9.3489000000000004e+01
   1.9275250000000001e+03  -9.3888999999999996e+01
   1.9498450000000000e+03  -9.4289000000000001e+01
   1.9724230000000000e+03  -9.4688999999999993e+01
   1.9952619999999999e+03  -9.5088999999999999e+01
   2.0183660000000000e+03  -9.5489000000000004e+01
   2.0417380000000001e+03  -9.5888999999999996e+01
   2.0653800000000001e+03  -9.6289000000000001e+01
   2.0892959999999998e+03  -9.6688999999999993e+01
   2.1134890000000000e+03  -9.7088999999999999e+01
   2.1379620000000000e+03  -9.7489000000000004e+01
   2.1627190000000001e+03  -9.7888999999999996e+01
   2.1877620000000002e+03  -9.8289000000000001e+01
   2.2130949999999998e+03  -9.8688999999999993e+01
   2.2387210000000000e+03  -9.9088999999999999e+01
   2.2646439999999998e+03  -9.9489000000000004e+01
   2.2908679999999999e+03  -9.9888999999999996e+01
   2.3173950000000000e+03  -1.0028900000000000e+02
   2.3442289999999998e+03  -1.0068899999999999e+02
   2.3713739999999998e+03  -1.0108900000000000e+02
   2.3988330000000001e+03  -1.0148900000000000e+02
   2.4266100000000001e+03  -1.0188900000000000e+02
   2.4547089999999998e+03  -1.0228900000000000e+02
   2.4831329999999998e+03  -1.0268899999999999e+02
   2.5118860000000000e+03  -1.0308900000000000e+02
   2.5409730000000000e+03  -1.0348900000000000e+02
   2.5703960000000002e+03  -1.0388900000000000e+02
   2.6001599999999999e+03  -1.0428900000000000e+02
   2.6302680000000000e+03  -1.0468899999999999e+02
   2.6607249999999999e+03  -1.0508900000000000e+02
   2.6915349999999999e+03  -1.0548900000000000e+02
   2.7227010000000000e+03  -1.0588900000000000e+02
   2.7542289999999998e+03  -1.0628900000000000e+02
   2.7861210000000001e+03  -1.0668899999999999e+02
   2.8183829999999998e+03  -1.0708900000000000e+02
   2.8510180000000000e+03  -1.0748900000000000e+02
   2.8840320000000002e+03  -1.0788900000000000e+02
   2.9174270000000001e+03  -1.0828900000000000e+02
   2.9512089999999998e+03  -1.0868899999999999e+02
   2.9853829999999998e+03  -1.0908900000000000e+02
   3.0199520000000002e+03  -1.0948900000000000e+02
   3.0549209999999998e+03  -1.0988900000000000e+02
   3.0902950000000001e+03  -1.1028900000000000e+02
   3.1260790000000002e+03  -1.1068899999999999e+02
   3.1622779999999998e+03  -1.1108900000000000e+02
   3.1988950000000000e+03  -1.1148900000000000e+02
   3.2359369999999999e+03  -1.1188900000000000e+02
   3.2734070000000002e+03  -1.1228900000000000e+02
   3.3113110000000001e+03  -1.1268899999999999e+02
   3.3496540000000000e+03  -1.1308900000000000e+02
   3.3884420000000000e+03  -1.1348900000000000e+02
   3.4276779999999999e+03  -1.1388900000000000e+02
   3.4673690000000001e+03  -1.1428900000000000e+02
   3.5075189999999998e+03  -1.1468899999999999e+02
   3.5481340000000000e+03  -1.1508900000000000e+02
   3.5892190000000001e+03  -1.1548900000000000e+02
   3.6307809999999999e+03  -1.1588900000000000e+02
   3.6728229999999999e+03  -1.1628900000000000e+02
   3.7153519999999999e+03  -1.1668899999999999e+02
   3.7583739999999998e+03  -1.1708900000000000e+02
   3.8018939999999998e+03  -1.1748900000000000e+02
   3.8459180000000001e+03  -1.1788900000000000e+02
   3.8904510000000000e+03  -1.1828900000000000e+02
   3.9355010000000002e+03  -1.1868899999999999e+02
   3.9810720000000001e+03  -1.1908900000000000e+02
   4.0271700000000001e+03  -1.1948900000000000e+02
   4.0738029999999999e+03  -1.1988900000000000e+02
   4.1209750000000004e+03  -1.2028900000000000e+02
   4.1686940000000004e+03  -1.2068899999999999e+02
   4.2169650000000001e+03  -1.2108900000000000e+02
   4.2657950000000001e+03  -1.2148900000000000e+02
   4.3151909999999998e+03  -1.2188900000000000e+02
   4.3651580000000004e+03  -1.2228900000000000e+02
   4.4157039999999997e+03  -1.2268899999999999e+02
   4.4668360000000002e+03  -1.2308900000000000e+02
   4.5185590000000002e+03  -1.2348900000000000e+02
   4.5708819999999996e+03  -1.2388900000000000e+02
   4.6238100000000004e+03  -1.2428900000000000e+02
   4.6773509999999997e+03  -1.2468899999999999e+02
   4.7315129999999999e+03  -1.2508900000000000e+02
   4.7863010000000004e+03  -1.2548900000000000e+02
   4.8417240000000002e+03  -1.2588900000000000e+02
   4.8977879999999996e+03  -1.2628900000000000e+02
   4.9545020000000004e+03  -1.2668899999999999e+02
   5.0118720000000003e+03  -1.2708900000000000e+02
   5.0699070000000002e+03  -1.2748900000000000e+02
   5.1286139999999996e+03  -1.2788900000000000e+02
   5.1880000000000000e+03  -1.2828899999999999e+02
   5.2480749999999998e+03  -1.2868899999999999e+02
   5.3088440000000001e+03  -1.2908900000000000e+02
   5.3703180000000002e+03  -1.2948900000000000e+02
   5.4325029999999997e+03  -1.2988900000000001e+02
   5.4954089999999997e+03  -1.3028899999999999e+02
   5.5590429999999997e+03  -1.3068899999999999e+02
   5.6234129999999996e+03  -1.3108900000000000e+02
   5.6885290000000005e+03  -1.3148900000000000e+02
   5.7543990000000003e+03  -1.3188900000000001e+02
   5.8210320000000002e+03  -1.3228899999999999e+02
   5.8884369999999999e+03  -1.3268899999999999e+02
   5.9566210000000001e+03  -1.3308900000000000e+02
   6.0255959999999995e+03  -1.3348900000000000e+02
   6.0953689999999997e+03  -1.3388900000000001e+02
   6.1659499999999998e+03  -1.3428899999999999e+02
   6.2373480000000000e+03  -1.3468899999999999e+02
   6.3095730000000003e+03  -1.3508900000000000e+02
   6.3826350000000002e+03  -1.3548900000000000e+02
   6.4565420000000004e+03  -1.3588900000000001e+02
   6.5313059999999996e+03  -1.3628899999999999e+02
   6.6069340000000002e+03  -1.3668899999999999e+02
   6.6834390000000003e+03  -1.3708900000000000e+02
   6.7608299999999999e+03  -1.3748900000000000e+02
   6.8391160000000000e+03  -1.3788900000000001e+02
   6.9183100000000004e+03  -1.3828899999999999e+02
   6.9984200000000001e+03  -1.3868899999999999e+02
   7.0794579999999996e+03  -1.3908900000000000e+02
   7.1614340000000002e+03  -1.3948900000000000e+02
   7.2443599999999997e+03  -1.3988900000000001e+02
   7.3282449999999999e+03  -1.4028899999999999e+02
   7.4131019999999999e+03  -1.4068899999999999e+02
   7.4989420000000000e+03  -1.4108900000000000e+02
   7.5857759999999998e+03  -1.4148900000000000e+02
   7.6736149999999998e+03  -1.4188900000000001e+02
   7.7624709999999995e+03  -1.4228899999999999e+02
   7.8523559999999998e+03  -1.4268899999999999e+02
   7.9432820000000002e+03  -1.4308900000000000e+02
   8.0352610000000004e+03  -1.4348900000000000e+02
   8.1283050000000003e+03  -1.4388900000000001e+02
   8.2224259999999995e+03  -1.4428899999999999e+02
   8.3176380000000008e+03  -1.4468899999999999e+02
   8.4139509999999991e+03  -1.4508900000000000e+02
   8.5113799999999992e+03  -1.4548900000000000e+02
   8.6099380000000001e+03  -1.4588900000000001e+02
   8.7096360000000004e+03  -1.4628899999999999e+02
   8.8104889999999996e+03  -1.4668899999999999e+02
   8.9125090000000000e+03  -1.4708900000000000e+02
   9.0157109999999993e+03  -1.4748900000000000e+02
   9.1201080000000002e+03  -1.4788900000000001e+02
   9.2257139999999999e+03  -1.4828899999999999e+02
   9.3325429999999997e+03  -1.4868899999999999e+02
   9.4406090000000004e+03  -1.4908900000000000e+02
   9.5499259999999995e+03  -1.4948900000000000e+02
   9.6605090000000000e+03  -1.4988900000000001e+02
   9.7723719999999994e+03  -1.5028899999999999e+02
   9.8855310000000009e+03  -1.5068899999999999e+02
   1.0000000000000000e+04  -1.5108900000000000e+02
   1.0115795000000000e+04  -1.5148900000000000e+02
   1.0232930000000000e+04  -1.5188900000000001e+02
   1.0351422000000000e+04  -1.5228899999999999e+02
   1.0471285000000000e+04  -1.5268899999999999e+02
   1.0592537000000000e+04  -1.5308900000000000e+02
   1.0715192999999999e+04  -1.5348900000000000e+02
   1.0839269000000000e+04  -1.5388900000000001e+02
   1.0964781999999999e+04  -1.5428899999999999e+02
   1.1091748000000000e+04  -1.5468899999999999e+02
   1.1220184999999999e+04  -1.5508900000000000e+02
   1.1350108000000000e+04  -1.5548900000000000e+02
   1.1481536000000000e+04  -1.5588900000000001e+02
   1.1614486000000001e+04  -1.5628899999999999e+02
   1.1748976000000001e+04  -1.5668799999999999e+02
   1.1885022000000001e+04  -1.5708799999999999e+02
   1.2022644000000000e+04  -1.5748800000000000e+02
   1.2161860000000001e+04  -1.5788800000000001e+02
   1.2302688000000000e+04  -1.5828800000000001e+02
   1.2445146000000001e+04  -1.5868799999999999e+02
   1.2589254000000001e+04  -1.5908799999999999e+02
   1.2735031000000001e+04  -1.5948800000000000e+02
   1.2882495999999999e+04  -1.5988800000000001e+02
   1.3031668000000000e+04  -1.6028800000000001e+02
   1.3182566999999999e+04  -1.6068799999999999e+02
   1.3335214000000000e+04  -1.6108799999999999e+02
   1.3489629000000001e+04  -1.6148800000000000e+02
   1.3645831000000000e+04  -1.6188800000000001e+02
   1.3803843000000001e+04  -1.6228800000000001e+02
   1.3963683999999999e+04  -1.6268799999999999e+02
   1.4125375000000000e+04  -1.6308799999999999e+02
   1.4288940000000001e+04  -1.6348800000000000e+02
   1.4454397999999999e+04  -1.6388800000000001e+02
   1.4621772000000001e+04  -1.6428800000000001e+02
   1.4791084000000001e+04  -1.6468799999999999e+02
   1.4962357000000000e+04  -1.6508799999999999e+02
   1.5135611999999999e+04  -1.6548800000000000e+02
   1.5310875000000000e+04  -1.6588800000000001e+02
   1.5488165999999999e+04  -1.6628800000000001e+02
   1.5667511000000000e+04  -1.6668799999999999e+02
   1.5848932000000001e+04  -1.6708799999999999e+02
   1.6032454000000000e+04  -1.6748800000000000e+02
   1.6218101000000001e+04  -1.6788800000000001e+02
   1.6405898000000001e+04  -1.6828800000000001e+02
   1.6595868999999999e+04  -1.6868799999999999e+02
   1.6788040000000001e+04  -1.6908799999999999e+02
   1.6982437000000002e+04  -1.6948800000000000e+02
   1.7179083999999999e+04  -1.6988800000000001e+02
   1.7378008000000002e+04  -1.7028800000000001e+02
   1.7579236000000001e+04  -1.7068799999999999e+02
   1.7782794000000002e+04  -1.7108799999999999e+02
   1.7988708999999999e+04  -1.7148800000000000e+02
   1.8197008999999998e+04  -1.7188800000000001e+02
   1.8407720000000001e+04  -1.7228800000000001e+02
   1.8620870999999999e+04  -1.7268799999999999e+02
   1.8836491000000002e+04  -1.7308799999999999e+02
   1.9054607000000000e+04  -1.7348800000000000e+02
   1.9275249000000000e+04  -1.7388800000000001e+02
   1.9498446000000000e+04  -1.7428800000000001e+02
   1.9724226999999999e+04  -1.7468799999999999e+02
   1.9952623000000000e+04  -1.7508799999999999e+02
   2.0183664000000001e+04  -1.7548800000000000e+02
   2.0417379000000001e+04  -1.7588800000000001e+02
   2.0653802000000000e+04  -1.7628800000000001e+02
   2.0892960999999999e+04  -1.7668799999999999e+02
   2.1134889999999999e+04  -1.7708799999999999e+02
   2.1379620999999999e+04  -1.7748800000000000e+02
   2.1627185000000001e+04  -1.7788800000000001e+02
   2.1877616000000002e+04  -1.7828800000000001e+02
   2.2130947000000000e+04  -1.7868799999999999e+02
   2.2387210999999999e+04  -1.7908799999999999e+02
   2.2646442999999999e+04  -1.7948800000000000e+02
   2.2908677000000000e+04  -1.7988800000000001e+02
   2.3173946000000000e+04  -1.8028800000000001e+02
   2.3442288000000000e+04  -1.8068799999999999e+02
   2.3713737000000001e+04  -1.8108799999999999e+02
   2.3988329000000002e+04  -1.8148800000000000e+02
   2.4266100999999999e+04  -1.8188800000000001e+02
   2.4547089000000000e+04  -1.8228800000000001e+02
   2.4831330999999998e+04  -1.8268799999999999e+02
   2.5118864000000001e+04  -1.8308799999999999e+02
   2.5409726999999999e+04  -1.8348800000000000e+02
   2.5703957999999999e+04  -1.8388800000000001e+02
   2.6001596000000001e+04  -1.8428800000000001e+02
   2.6302680000000000e+04  -1.8468799999999999e+02
   2.6607251000000000e+04  -1.8508799999999999e+02
   2.6915348000000002e+04  -1.8548800000000000e+02
   2.7227012999999999e+04  -1.8588800000000001e+02
   2.7542287000000000e+04  -1.8628800000000001e+02
   2.7861212000000000e+04  -1.8668799999999999e+02
   2.8183829000000002e+04  -1.8708799999999999e+02
   2.8510183000000001e+04  -1.8748800000000000e+02
   2.8840314999999999e+04  -1.8788800000000001e+02
   2.9174270000000000e+04  -1.8828800000000001e+02
   2.9512092000000001e+04  -1.8868799999999999e+02
   2.9853826000000001e+04  -1.8908799999999999e+02
   3.0199517000000000e+04  -1.8948800000000000e+02
   3.0549210999999999e+04  -1.8988800000000001e+02
   3.0902954000000002e+04  -1.9028800000000001e+02
   3.1260794000000002e+04  -1.9068799999999999e+02
   3.1622776999999998e+04  -1.9108799999999999e+02
   3.1988951000000001e+04  -1.9148800000000000e+02
   3.2359366000000002e+04  -1.9188800000000001e+02
   3.2734069000000000e+04  -1.9228800000000001e+02
   3.3113112000000001e+04  -1.9268799999999999e+02
   3.3496544000000002e+04  -1.9308799999999999e+02
   3.3884415999999997e+04  -1.9348800000000000e+02
   3.4276779000000002e+04  -1.9388800000000001e+02
   3.4673684999999998e+04  -1.9428800000000001e+02
   3.5075186999999998e+04  -1.9468799999999999e+02
   3.5481339000000000e+04  -1.9508799999999999e+02
   3.5892192999999999e+04  -1.9548800000000000e+02
   3.6307805000000000e+04  -1.9588800000000001e+02
   3.6728230000000003e+04  -1.9628800000000001e+02
   3.7153523000000001e+04  -1.9668799999999999e+02
   3.7583739999999998e+04  -1.9708799999999999e+02
   3.8018940000000002e+04  -1.9748800000000000e+02
   3.8459178000000000e+04  -1.9788800000000001e+02
   3.8904514000000003e+04  -1.9828800000000001e+02
   3.9355008000000002e+04  -1.9868799999999999e+02
   3.9810716999999997e+04  -1.9908799999999999e+02
   4.0271703000000001e+04  -1.9948800000000000e+02
   4.0738027999999998e+04  -1.9988800000000001e+02
   4.1209752000000000e+04  -2.0028800000000001e+02
   4.1686938000000002e+04  -2.0068799999999999e+02
   4.2169650000000001e+04  -2.0108799999999999e+02
   4.2657951999999997e+04  -2.0148800000000000e+02
   4.3151908000000003e+04  -2.0188800000000001e+02
   4.3651582999999999e+04  -2.0228800000000001e+02
   4.4157044999999998e+04  -2.0268799999999999e+02
   4.4668358999999997e+04  -2.0308799999999999e+02
   4.5185593999999997e+04  -2.0348800000000000e+02
   4.5708819000000003e+04  -2.0388800000000001e+02
   4.6238101999999999e+04  -2.0428800000000001e+02
   4.6773514000000003e+04  -2.0468799999999999e+02
   4.7315125999999997e+04  -2.0508799999999999e+02
   4.7863008999999998e+04  -2.0548800000000000e+02
   4.8417237000000001e+04  -2.0588800000000001e+02
   4.8977881999999998e+04  -2.0628800000000001e+02
   4.9545019000000000e+04  -2.0668799999999999e+02
   5.0118722999999998e+04  -2.0708799999999999e+02
   5.0699071000000004e+04  -2.0748800000000000e+02
   5.1286137999999999e+04  -2.0788800000000001e+02
   5.1880004000000001e+04  -2.0828800000000001e+02
   5.2480745999999999e+04  -2.0868799999999999e+02
   5.3088444000000003e+04  -2.0908799999999999e+02
   5.3703180000000000e+04  -2.0948800000000000e+02
   5.4325033000000003e+04  -2.0988800000000001e+02
   5.4954087000000000e+04  -2.1028800000000001e+02
   5.5590425999999999e+04  -2.1068799999999999e+02
   5.6234133000000002e+04  -2.1108799999999999e+02
   5.6885292999999998e+04  -2.1148800000000000e+02
   5.7543993999999999e+04  -2.1188800000000001e+02
   5.8210322000000000e+04  -2.1228800000000001e+02
   5.8884366000000002e+04  -2.1268799999999999e+02
   5.9566214000000000e+04  -2.1308799999999999e+02
   6.0255959000000003e+04  -2.1348800000000000e+02
   6.0953690000000002e+04  -2.1388800000000001e+02
   6.1659500000000000e+04  -2.1428800000000001e+02
   6.2373483999999997e+04  -2.1468799999999999e+02
   6.3095733999999997e+04  -2.1508799999999999e+02
   6.3826349000000002e+04  -2.1548800000000000e+02
   6.4565423000000003e+04  -2.1588800000000001e+02
   6.5313055000000000e+04  -2.1628800000000001e+02
   6.6069345000000001e+04  -2.1668799999999999e+02
   6.6834392000000007e+04  -2.1708799999999999e+02
   6.7608297999999995e+04  -2.1748800000000000e+02
   6.8391164999999994e+04  -2.1788800000000001e+02
   6.9183096999999994e+04  -2.1828800000000001e+02
   6.9984199999999997e+04  -2.1868799999999999e+02
   7.0794577999999994e+04  -2.1908799999999999e+02
   7.1614341000000000e+04  -2.1948800000000000e+02
   7.2443596000000005e+04  -2.1988800000000001e+02
   7.3282452999999994e+04  -2.2028800000000001e+02
   7.4131024000000005e+04  -2.2068799999999999e+02
   7.4989421000000002e+04  -2.2108799999999999e+02
   7.5857758000000002e+04  -2.2148800000000000e+02
   7.6736149000000005e+04  -2.2188800000000001e+02
   7.7624712000000000e+04  -2.2228800000000001e+02
   7.8523562999999995e+04  -2.2268799999999999e+02
   7.9432823000000004e+04  -2.2308799999999999e+02
   8.0352611999999994e+04  -2.2348800000000000e+02
   8.1283051999999996e+04  -2.2388800000000001e+02
   8.2224264999999999e+04  -2.2428800000000001e+02
   8.3176376999999993e+04  -2.2468799999999999e+02
   8.4139513999999996e+04  -2.2508799999999999e+02
   8.5113804000000004e+04  -2.2548800000000000e+02
   8.6099375000000000e+04  -2.2588800000000001e+02
   8.7096358999999997e+04  -2.2628800000000001e+02
   8.8104887000000002e+04  -2.2668799999999999e+02
   8.9125093999999997e+04  -2.2708799999999999e+02
   9.0157114000000001e+04  -2.2748800000000000e+02
   9.1201084000000003e+04  -2.2788800000000001e+02
   9.2257142999999996e+04  -2.2828800000000001e+02
   9.3325429999999993e+04  -2.2868799999999999e+02
   9.4406088000000003e+04  -2.2908799999999999e+02
   9.5499259000000005e+04  -2.2948800000000000e+02
   9.6605088000000003e+04  -2.2988800000000001e+02
   9.7723721999999994e+04  -2.3028800000000001e+02
   9.8855308999999994e+04  -2.3068799999999999e+02
   1.0000000000000000e+05  -2.3108799999999999e+02
   1.0115794500000001e+05  -2.3148800000000000e+02
   1.0232929900000000e+05  -2.3188800000000001e+02
   1.0351421700000000e+05  -2.3228800000000001e+02
   1.0471285500000000e+05  -2.3268799999999999e+02
   1.0592537300000001e+05  -2.3308799999999999e+02
   1.0715193100000000e+05  -2.3348800000000000e+02
   1.0839269100000001e+05  -2.3388800000000001e+02
   1.0964782000000001e+05  -2.3428800000000001e+02
   1.1091748200000000e+05  -2.3468799999999999e+02
   1.1220184500000000e+05  -2.3508799999999999e+02
   1.1350108199999999e+05  -2.3548800000000000e+02
   1.1481536199999999e+05  -2.3588800000000001e+02
   1.1614486100000000e+05  -2.3628800000000001e+02
   1.1748975500000000e+05  -2.3668799999999999e+02
   1.1885022300000000e+05  -2.3708799999999999e+02
   1.2022644300000000e+05  -2.3748800000000000e+02
   1.2161860000000001e+05  -2.3788800000000001e+02
   1.2302687699999999e+05  -2.3828800000000001e+02
   1.2445146100000000e+05  -2.3868799999999999e+02
   1.2589254100000000e+05  -2.3908799999999999e+02
   1.2735030800000000e+05  -2.3948800000000000e+02
   1.2882495500000000e+05  -2.3988800000000001e+02
   1.3031667800000000e+05  -2.4028800000000001e+02
   1.3182567400000000e+05  -2.4068799999999999e+02
   1.3335214300000001e+05  -2.4108799999999999e+02
   1.3489628800000000e+05  -2.4148800000000000e+02
   1.3645831400000001e+05  -2.4188800000000001e+02
   1.3803842600000001e+05  -2.4228800000000001e+02
   1.3963683600000001e+05  -2.4268799999999999e+02
   1.4125375399999999e+05  -2.4308799999999999e+02
   1.4288939600000001e+05  -2.4348800000000000e+02
   1.4454397700000001e+05  -2.4388800000000001e+02
   1.4621771700000000e+05  -2.4428800000000001e+02
   1.4791083900000001e+05  -2.4468799999999999e+02
   1.4962356599999999e+05  -2.4508799999999999e+02
   1.5135612500000000e+05  -2.4548800000000000e+02
   1.5310874600000001e+05  -2.4588800000000001e+02
   1.5488166200000001e+05  -2.4628800000000001e+02
   1.5667510699999999e+05  -2.4668799999999999e+02
   1.5848931899999999e+05  -2.4708799999999999e+02
   1.6032453899999999e+05  -2.4748800000000000e+02
   1.6218101000000001e+05  -2.4788800000000001e+02
   1.6405897700000001e+05  -2.4828800000000001e+02
   1.6595869099999999e+05  -2.4868799999999999e+02
   1.6788040200000000e+05  -2.4908799999999999e+02
   1.6982436499999999e+05  -2.4948800000000000e+02
   1.7179083900000001e+05  -2.4988800000000001e+02
   1.7378008300000001e+05  -2.5028800000000001e+02
   1.7579236100000000e+05  -2.5068799999999999e+02
   1.7782794099999999e+05  -2.5108799999999999e+02
   1.7988709200000000e+05  -2.5148800000000000e+02
   1.8197008600000001e+05  -2.5188800000000001e+02
   1.8407720000000001e+05  -2.5228800000000001e+02
   1.8620871400000001e+05  -2.5268799999999999e+02
   1.8836490900000001e+05  -2.5308799999999999e+02
   1.9054607199999999e+05  -2.5348800000000000e+02
   1.9275249100000001e+05  -2.5388800000000001e+02
   1.9498445999999999e+05  -2.5428800000000001e+02
   1.9724227400000000e+05  -2.5468799999999999e+02
   1.9952623100000000e+05  -2.5508799999999999e+02
   2.0183663600000000e+05  -2.5548800000000000e+02
   2.0417379399999999e+05  -2.5588800000000001e+02
   2.0653801600000000e+05  -2.5628800000000001e+02
   2.0892961300000001e+05  -2.5668799999999999e+02
   2.1134890400000001e+05  -2.5708800000000002e+02
   2.1379620900000000e+05  -2.5748800000000000e+02
   2.1627185200000001e+05  -2.5788799999999998e+02
   2.1877616200000001e+05  -2.5828800000000001e+02
   2.2130947099999999e+05  -2.5868799999999999e+02
   2.2387211400000000e+05  -2.5908800000000002e+02
   2.2646443100000001e+05  -2.5948800000000000e+02
   2.2908676500000001e+05  -2.5988799999999998e+02
   2.3173946500000000e+05  -2.6028800000000001e+02
   2.3442288200000001e+05  -2.6068799999999999e+02
   2.3713737100000001e+05  -2.6108800000000002e+02
   2.3988329199999999e+05  -2.6148800000000000e+02
   2.4266101000000001e+05  -2.6188799999999998e+02
   2.4547089199999999e+05  -2.6228800000000001e+02
   2.4831331099999999e+05  -2.6268799999999999e+02
   2.5118864300000001e+05  -2.6308800000000002e+02
   2.5409727100000001e+05  -2.6348800000000000e+02
   2.5703957800000001e+05  -2.6388799999999998e+02
   2.6001595600000001e+05  -2.6428800000000001e+02
   2.6302679900000000e+05  -2.6468799999999999e+02
   2.6607250599999999e+05  -2.6508800000000002e+02
   2.6915347999999998e+05  -2.6548800000000000e+02
   2.7227013099999999e+05  -2.6588799999999998e+02
   2.7542287000000000e+05  -2.6628800000000001e+02
   2.7861211700000003e+05  -2.6668799999999999e+02
   2.8183829300000001e+05  -2.6708800000000002e+02
   2.8510182699999999e+05  -2.6748800000000000e+02
   2.8840315000000002e+05  -2.6788799999999998e+02
   2.9174270100000000e+05  -2.6828800000000001e+02
   2.9512092300000001e+05  -2.6868799999999999e+02
   2.9853826199999999e+05  -2.6908800000000002e+02
   3.0199517200000002e+05  -2.6948800000000000e+02
   3.0549211099999998e+05  -2.6988799999999998e+02
   3.0902954300000001e+05  -2.7028800000000001e+02
   3.1260793699999998e+05  -2.7068799999999999e+02
   3.1622776600000000e+05  -2.7108800000000002e+02
   3.1988951100000000e+05  -2.7148800000000000e+02
   3.2359365700000001e+05  -2.7188799999999998e+02
   3.2734069500000001e+05  -2.7228800000000001e+02
   3.3113112099999998e+05  -2.7268799999999999e+02
   3.3496543900000001e+05  -2.7308800000000002e+02
   3.3884415600000002e+05  -2.7348800000000000e+02
   3.4276778700000001e+05  -2.7388799999999998e+02
   3.4673684999999998e+05  -2.7428800000000001e+02
   3.5075187400000001e+05  -2.7468799999999999e+02
   3.5481338900000002e+05  -2.7508800000000002e+02
   3.5892193500000000e+05  -2.7548800000000000e+02
   3.6307805499999999e+05  -2.7588799999999998e+02
   3.6728229999999999e+05  -2.7628800000000001e+02
   3.7153522899999999e+05  -2.7668799999999999e+02
   3.7583740399999998e+05  -2.7708800000000002e+02
   3.8018939600000001e+05  -2.7748800000000000e+02
   3.8459178200000001e+05  -2.7788799999999998e+02
   3.8904514500000002e+05  -2.7828800000000001e+02
   3.9355007500000001e+05  -2.7868799999999999e+02
   3.9810717099999997e+05  -2.7908800000000002e+02
   4.0271703399999999e+05  -2.7948800000000000e+02
   4.0738027799999999e+05  -2.7988799999999998e+02
   4.1209751899999997e+05  -2.8028800000000001e+02
   4.1686938299999997e+05  -2.8068799999999999e+02
   4.2169650300000003e+05  -2.8108800000000002e+02
   4.2657951899999997e+05  -2.8148800000000000e+02
   4.3151907699999999e+05  -2.8188799999999998e+02
   4.3651583199999999e+05  -2.8228800000000001e+02
   4.4157044699999999e+05  -2.8268799999999999e+02
   4.4668359200000000e+05  -2.8308800000000002e+02
   4.5185594400000002e+05  -2.8348800000000000e+02
   4.5708819000000000e+05  -2.8388799999999998e+02
   4.6238102100000001e+05  -2.8428800000000001e+02
   4.6773514100000000e+05  -2.8468799999999999e+02
   4.7315125900000002e+05  -2.8508800000000002e+02
   4.7863009200000000e+05  -2.8548800000000000e+02
   4.8417236800000002e+05  -2.8588799999999998e+02
   4.8977881900000002e+05  -2.8628800000000001e+02
   4.9545019099999999e+05  -2.8668799999999999e+02
   5.0118723400000000e+05  -2.8708800000000002e+02
   5.0699070799999998e+05  -2.8748800000000000e+02
   5.1286138400000002e+05  -2.8788799999999998e+02
   5.1880003899999999e+05  -2.8828800000000001e+02
   5.2480745999999996e+05  -2.8868799999999999e+02
   5.3088444400000002e+05  -2.8908800000000002e+02
   5.3703179599999997e+05  -2.8948800000000000e+02
   5.4325033100000001e+05  -2.8988799999999998e+02
   5.4954087399999995e+05  -2.9028800000000001e+02
   5.5590425699999998e+05  -2.9068799999999999e+02
   5.6234132499999995e+05  -2.9108800000000002e+02
   5.6885293099999998e+05  -2.9148800000000000e+02
   5.7543993700000003e+05  -2.9188799999999998e+02
   5.8210321799999999e+05  -2.9228800000000001e+02
   5.8884365500000003e+05  -2.9268799999999999e+02
   5.9566214399999997e+05  -2.9308800000000002e+02
   6.0255958600000001e+05  -2.9348800000000000e+02
   6.0953689700000000e+05  -2.9388799999999998e+02
   6.1659500199999998e+05  -2.9428800000000001e+02
   6.2373483499999996e+05  -2.9468799999999999e+02
   6.3095734400000004e+05  -2.9508800000000002e+02
   6.3826348600000003e+05  -2.9548800000000000e+02
   6.4565422900000005e+05  -2.9588799999999998e+02
   6.5313055299999996e+05  -2.9628800000000001e+02
   6.6069344799999997e+05  -2.9668799999999999e+02
   6.6834391799999995e+05  -2.9708800000000002e+02
   6.7608297499999998e+05  -2.9748800000000000e+02
   6.8391164700000000e+05  -2.9788799999999998e+02
   6.9183097100000002e+05  -2.9828800000000001e+02
   6.9984199600000004e+05  -2.9868799999999999e+02
   7.0794578399999999e+05  -2.9908800000000002e+02
   7.1614341000000003e+05  -2.9948800000000000e+02
   7.2443595999999996e+05  -2.9988799999999998e+02
   7.3282453300000005e+05  -3.0028800000000001e+02
   7.4131024100000004e+05  -3.0068799999999999e+02
   7.4989420900000003e+05  -3.0108800000000002e+02
   7.5857757499999995e+05  -3.0148800000000000e+02
   7.6736148899999994e+05  -3.0188799999999998e+02
   7.7624711699999997e+05  -3.0228800000000001e+02
   7.8523563500000001e+05  -3.0268799999999999e+02
   7.9432823499999999e+05  -3.0308800000000002e+02
   8.0352612199999997e+05  -3.0348800000000000e+02
   8.1283051599999995e+05  -3.0388799999999998e+02
   8.2224265000000002e+05  -3.0428800000000001e+02
   8.3176377099999995e+05  -3.0468799999999999e+02
   8.4139514199999999e+05  -3.0508800000000002e+02
   8.5113803799999994e+05  -3.0548800000000000e+02
   8.6099375199999998e+05  -3.0588799999999998e+02
   8.7096358999999997e+05  -3.0628800000000001e+02
   8.8104887300000002e+05  -3.0668799999999999e+02
   8.9125093799999997e+05  -3.0708800000000002e+02
   9.0157113800000004e+05  -3.0748800000000000e+02
   9.1201083900000004e+05  -3.0788799999999998e+02
   9.2257142700000003e+05  -3.0828800000000001e+02
   9.3325430099999998e+05  -3.0868799999999999e+02
   9.4406087600000005e+05  -3.0908800000000002e+02
   9.5499258600000001e+05  -3.0948800000000000e+02
   9.6605087899999996e+05  -3.0988799999999998e+02
   9.7723722100000002e+05  -3.1028800000000001e+02
   9.8855309499999997e+05  -3.1068799999999999e+02
