   1.0000000000000000e-03  -5.4270000000000005e+02
   1.0000000000000000e+01  -3.0269999999999999e+02
   1.0116000000000000e+01  -3.0239999999999998e+02
   1.0233000000000001e+01  -3.0210000000000002e+02
   1.0351000000000001e+01  -3.0180000000000001e+02
   1.0471000000000000e+01  -3.0150000000000000e+02
   1.0593000000000000e+01  -3.0119999999999999e+02
   1.0715000000000000e+01  -3.0089999999999998e+02
   1.0839000000000000e+01  -3.0060000000000002e+02
   1.0965000000000000e+01  -3.0030000000000001e+02
   1.1092000000000001e+01  -3.0000000000000000e+02
   1.1220000000000001e+01  -2.9969999999999999e+02
   1.1350000000000000e+01  -2.9939999999999998e+02
   1.1481999999999999e+01  -2.9910000000000002e+02
   1.1614000000000001e+01  -2.9880000000000001e+02
   1.1749000000000001e+01  -2.9850000000000000e+02
   1.1885000000000000e+01  -2.9819999999999999e+02
   1.2023000000000000e+01  -2.9789999999999998e+02
   1.2162000000000001e+01  -2.9760000000000002e+02
   1.2303000000000001e+01  -2.9730000000000001e+02
   1.2445000000000000e+01  -2.9700000000000000e+02
   1.2589000000000000e+01  -2.9669999999999999e+02
   1.2734999999999999e+01  -2.9639999999999998e+02
   1.2882000000000000e+01  -2.9610000000000002e+02
   1.3032000000000000e+01  -2.9580000000000001e+02
   1.3183000000000000e+01  -2.9550000000000000e+02
   1.3335000000000001e+01  -2.9519999999999999e+02
   1.3490000000000000e+01  -2.9489999999999998e+02
   1.3646000000000001e+01  -2.9460000000000002e+02
   1.3804000000000000e+01  -2.9430000000000001e+02
   1.3964000000000000e+01  -2.9400000000000000e+02
   1.4125000000000000e+01  -2.9369999999999999e+02
   1.4289000000000000e+01  -2.9339999999999998e+02
   1.4454000000000001e+01  -2.9310000000000002e+02
   1.4622000000000000e+01  -2.9280000000000001e+02
   1.4791000000000000e+01  -2.9250000000000000e+02
   1.4962000000000000e+01  -2.9219999999999999e+02
   1.5135999999999999e+01  -2.9189999999999998e+02
   1.5311000000000000e+01  -2.9160000000000002e+02
   1.5488000000000000e+01  -2.9130000000000001e+02
   1.5667999999999999e+01  -2.9100000000000000e+02
   1.5849000000000000e+01  -2.9069999999999999e+02
   1.6032000000000000e+01  -2.9039999999999998e+02
   1.6218000000000000e+01  -2.9010000000000002e+02
   1.6405999999999999e+01  -2.8980000000000001e+02
   1.6596000000000000e+01  -2.8950000000000000e+02
   1.6788000000000000e+01  -2.8919999999999999e+02
   1.6981999999999999e+01  -2.8889999999999998e+02
   1.7178999999999998e+01  -2.8860000000000002e+02
   1.7378000000000000e+01  -2.8830000000000001e+02
   1.7579000000000001e+01  -2.8800000000000000e+02
   1.7783000000000001e+01  -2.8769999999999999e+02
   1.7989000000000001e+01  -2.8739999999999998e+02
   1.8196999999999999e+01  -2.8710000000000002e+02
   1.8408000000000001e+01  -2.8680000000000001e+02
   1.8620999999999999e+01  -2.8650000000000000e+02
   1.8835999999999999e+01  -2.8619999999999999e+02
   1.9055000000000000e+01  -2.8589999999999998e+02
   1.9274999999999999e+01  -2.8560000000000002e+02
   1.9498000000000001e+01  -2.8530000000000001e+02
   1.9724000000000000e+01  -2.8500000000000000e+02
   1.9952999999999999e+01  -2.8469999999999999e+02
   2.0184000000000001e+01  -2.8439999999999998e+02
   2.0417000000000002e+01  -2.8410000000000002e+02
   2.0654000000000000e+01  -2.8380000000000001e+02
   2.0893000000000001e+01  -2.8350000000000000e+02
   2.1135000000000002e+01  -2.8319999999999999e+02
   2.1379999999999999e+01  -2.8289999999999998e+02
   2.1626999999999999e+01  -2.8260000000000002e+02
   2.1878000000000000e+01  -2.8230000000000001e+02
   2.2131000000000000e+01  -2.8200000000000000e+02
   2.2387000000000000e+01  -2.8169999999999999e+02
   2.2646000000000001e+01  -2.8139999999999998e+02
   2.2908999999999999e+01  -2.8110000000000002e+02
   2.3173999999999999e+01  -2.8080000000000001e+02
   2.3442000000000000e+01  -2.8050000000000000e+02
   2.3713999999999999e+01  -2.8019999999999999e+02
   2.3988000000000000e+01  -2.7989999999999998e+02
   2.4265999999999998e+01  -2.7960000000000002e+02
   2.4547000000000001e+01  -2.7930000000000001e+02
   2.4831000000000000e+01  -2.7900000000000000e+02
   2.5119000000000000e+01  -2.7869999999999999e+02
   2.5410000000000000e+01  -2.7839999999999998e+02
   2.5704000000000001e+01  -2.7810000000000002e+02
   2.6001999999999999e+01  -2.7780000000000001e+02
   2.6303000000000001e+01  -2.7750000000000000e+02
   2.6606999999999999e+01  -2.7719999999999999e+02
   2.6914999999999999e+01  -2.7689999999999998e+02
   2.7227000000000000e+01  -2.7660000000000002e+02
   2.7542000000000002e+01  -2.7630000000000001e+02
   2.7861000000000001e+01  -2.7600000000000000e+02
   2.8184000000000001e+01  -2.7569999999999999e+02
   2.8510000000000002e+01  -2.7539999999999998e+02
   2.8840000000000000e+01  -2.7510000000000002e+02
   2.9173999999999999e+01  -2.7480000000000001e+02
   2.9512000000000000e+01  -2.7450000000000000e+02
   2.9853999999999999e+01  -2.7419999999999999e+02
   3.0199999999999999e+01  -2.7389999999999998e+02
   3.0548999999999999e+01  -2.7360000000000002e+02
   3.0902999999999999e+01  -2.7330000000000001e+02
   3.1260999999999999e+01  -2.7300000000000000e+02
   3.1623000000000001e+01  -2.7269999999999999e+02
   3.1989000000000001e+01  -2.7239999999999998e+02
   3.2359000000000002e+01  -2.7210000000000002e+02
   3.2734000000000002e+01  -2.7180000000000001e+02
   3.3113000000000000e+01  -2.7150000000000000e+02
   3.3497000000000000e+01  -2.7119999999999999e+02
   3.3884000000000000e+01  -2.7089999999999998e+02
   3.4277000000000001e+01  -2.7060000000000002e+02
   3.4673999999999999e+01  -2.7030000000000001e+02
   3.5075000000000003e+01  -2.7000000000000000e+02
   3.5481000000000002e+01  -2.6969999999999999e+02
   3.5892000000000003e+01  -2.6939999999999998e+02
   3.6308000000000000e+01  -2.6910000000000002e+02
   3.6728000000000002e+01  -2.6880000000000001e+02
   3.7154000000000003e+01  -2.6850000000000000e+02
   3.7584000000000003e+01  -2.6819999999999999e+02
   3.8018999999999998e+01  -2.6789999999999998e+02
   3.8459000000000003e+01  -2.6760000000000002e+02
   3.8905000000000001e+01  -2.6730000000000001e+02
   3.9354999999999997e+01  -2.6700000000000000e+02
   3.9811000000000000e+01  -2.6669999999999999e+02
   4.0271999999999998e+01  -2.6639999999999998e+02
   4.0738000000000000e+01  -2.6610000000000002e+02
   4.1210000000000001e+01  -2.6580000000000001e+02
   4.1686999999999998e+01  -2.6550000000000000e+02
   4.2170000000000002e+01  -2.6519999999999999e+02
   4.2658000000000001e+01  -2.6489999999999998e+02
   4.3152000000000001e+01  -2.6460000000000002e+02
   4.3652000000000001e+01  -2.6430000000000001e+02
   4.4156999999999996e+01  -2.6400000000000000e+02
   4.4667999999999999e+01  -2.6369999999999999e+02
   4.5186000000000000e+01  -2.6339999999999998e+02
   4.5709000000000003e+01  -2.6310000000000002e+02
   4.6238000000000000e+01  -2.6280000000000001e+02
   4.6774000000000001e+01  -2.6250000000000000e+02
   4.7314999999999998e+01  -2.6219999999999999e+02
   4.7863000000000000e+01  -2.6189999999999998e+02
   4.8417000000000002e+01  -2.6160000000000002e+02
   4.8978000000000002e+01  -2.6130000000000001e+02
   4.9545000000000002e+01  -2.6100000000000000e+02
   5.0119000000000000e+01  -2.6069999999999999e+02
   5.0698999999999998e+01  -2.6039999999999998e+02
   5.1286000000000001e+01  -2.6010000000000002e+02
   5.1880000000000003e+01  -2.5980000000000001e+02
   5.2481000000000002e+01  -2.5950000000000000e+02
   5.3088000000000001e+01  -2.5919999999999999e+02
   5.3703000000000003e+01  -2.5889999999999998e+02
   5.4325000000000003e+01  -2.5860000000000002e+02
   5.4954000000000001e+01  -2.5830000000000001e+02
   5.5590000000000003e+01  -2.5800000000000000e+02
   5.6234000000000002e+01  -2.5769999999999999e+02
   5.6884999999999998e+01  -2.5739999999999998e+02
   5.7543999999999997e+01  -2.5710000000000002e+02
   5.8210000000000001e+01  -2.5680000000000001e+02
   5.8884000000000000e+01  -2.5650000000000000e+02
   5.9566000000000003e+01  -2.5619999999999999e+02
   6.0256000000000000e+01  -2.5590000000000001e+02
   6.0954000000000001e+01  -2.5559999999999999e+02
   6.1659999999999997e+01  -2.5530000000000001e+02
   6.2372999999999998e+01  -2.5500000000000000e+02
   6.3095999999999997e+01  -2.5469999999999999e+02
   6.3826000000000001e+01  -2.5440000000000001e+02
   6.4564999999999998e+01  -2.5409999999999999e+02
   6.5313000000000002e+01  -2.5380000000000001e+02
   6.6069000000000003e+01  -2.5350000000000000e+02
   6.6834000000000003e+01  -2.5319999999999999e+02
   6.7608000000000004e+01  -2.5290000000000001e+02
   6.8391000000000005e+01  -2.5259999999999999e+02
   6.9183000000000007e+01  -2.5230000000000001e+02
   6.9983999999999995e+01  -2.5200000000000000e+02
   7.0795000000000002e+01  -2.5169999999999999e+02
   7.1614000000000004e+01  -2.5140000000000001e+02
   7.2444000000000003e+01  -2.5109999999999999e+02
   7.3281999999999996e+01  -2.5080000000000001e+02
   7.4131000000000000e+01  -2.5050000000000000e+02
   7.4989000000000004e+01  -2.5019999999999999e+02
   7.5858000000000004e+01  -2.4990000000000001e+02
   7.6736000000000004e+01  -2.4959999999999999e+02
   7.7625000000000000e+01  -2.4930000000000001e+02
   7.8524000000000001e+01  -2.4900000000000000e+02
   7.9433000000000007e+01  -2.4869999999999999e+02
   8.0352999999999994e+01  -2.4840000000000001e+02
   8.1283000000000001e+01  -2.4809999999999999e+02
   8.2224000000000004e+01  -2.4780000000000001e+02
   8.3176000000000002e+01  -2.4750000000000000e+02
   8.4140000000000001e+01  -2.4719999999999999e+02
   8.5114000000000004e+01  -2.4690000000000001e+02
   8.6099000000000004e+01  -2.4659999999999999e+02
   8.7096000000000004e+01  -2.4630000000000001e+02
   8.8105000000000004e+01  -2.4600000000000000e+02
   8.9125000000000000e+01  -2.4569999999999999e+02
   9.0156999999999996e+01  -2.4540000000000001e+02
   9.1200999999999993e+01  -2.4509999999999999e+02
   9.2257000000000005e+01  -2.4480000000000001e+02
   9.3325000000000003e+01  -2.4450000000000000e+02
   9.4406000000000006e+01  -2.4419999999999999e+02
   9.5498999999999995e+01  -2.4390000000000001e+02
   9.6605000000000004e+01  -2.4359999999999999e+02
   9.7724000000000004e+01  -2.4330000000000001e+02
   9.8855000000000004e+01  -2.4300000000000000e+02
   1.0000000000000000e+02  -2.4269999999999999e+02
   1.0115800000000000e+02  -2.4240000000000001e+02
   1.0232899999999999e+02  -2.4209999999999999e+02
   1.0351400000000000e+02  -2.4180000000000001e+02
   1.0471299999999999e+02  -2.4150000000000000e+02
   1.0592500000000000e+02  -2.4119999999999999e+02
   1.0715200000000000e+02  -2.4090000000000001e+02
   1.0839300000000000e+02  -2.4059999999999999e+02
   1.0964800000000000e+02  -2.4030000000000001e+02
   1.1091700000000000e+02  -2.4000000000000000e+02
   1.1220200000000000e+02  -2.3969999999999999e+02
   1.1350100000000000e+02  -2.3940000000000001e+02
   1.1481500000000000e+02  -2.3909999999999999e+02
   1.1614500000000000e+02  -2.3880000000000001e+02
   1.1748999999999999e+02  -2.3850000000000000e+02
   1.1884999999999999e+02  -2.3819999999999999e+02
   1.2022600000000000e+02  -2.3790000000000001e+02
   1.2161900000000000e+02  -2.3759999999999999e+02
   1.2302700000000000e+02  -2.3730000000000001e+02
   1.2445099999999999e+02  -2.3700000000000000e+02
   1.2589300000000000e+02  -2.3669999999999999e+02
   1.2734999999999999e+02  -2.3640000000000001e+02
   1.2882499999999999e+02  -2.3609999999999999e+02
   1.3031700000000001e+02  -2.3580000000000001e+02
   1.3182599999999999e+02  -2.3550000000000000e+02
   1.3335200000000000e+02  -2.3519999999999999e+02
   1.3489599999999999e+02  -2.3490000000000001e+02
   1.3645800000000000e+02  -2.3459999999999999e+02
   1.3803800000000001e+02  -2.3430000000000001e+02
   1.3963700000000000e+02  -2.3400000000000000e+02
   1.4125399999999999e+02  -2.3369999999999999e+02
   1.4288900000000001e+02  -2.3340000000000001e+02
   1.4454400000000001e+02  -2.3309999999999999e+02
   1.4621799999999999e+02  -2.3280000000000001e+02
   1.4791100000000000e+02  -2.3250000000000000e+02
   1.4962400000000000e+02  -2.3219999999999999e+02
   1.5135599999999999e+02  -2.3190000000000001e+02
   1.5310900000000001e+02  -2.3159999999999999e+02
   1.5488200000000001e+02  -2.3130000000000001e+02
   1.5667500000000001e+02  -2.3100000000000000e+02
   1.5848900000000000e+02  -2.3069999999999999e+02
   1.6032499999999999e+02  -2.3040000000000001e+02
   1.6218100000000001e+02  -2.3009999999999999e+02
   1.6405900000000000e+02  -2.2980000000000001e+02
   1.6595900000000000e+02  -2.2950000000000000e+02
   1.6788000000000000e+02  -2.2919999999999999e+02
   1.6982400000000001e+02  -2.2890000000000001e+02
   1.7179100000000000e+02  -2.2859999999999999e+02
   1.7378000000000000e+02  -2.2830000000000001e+02
   1.7579200000000000e+02  -2.2800000000000000e+02
   1.7782800000000000e+02  -2.2769999999999999e+02
   1.7988700000000000e+02  -2.2740000000000001e+02
   1.8197000000000000e+02  -2.2709999999999999e+02
   1.8407700000000000e+02  -2.2680000000000001e+02
   1.8620900000000000e+02  -2.2650000000000000e+02
   1.8836500000000001e+02  -2.2619999999999999e+02
   1.9054599999999999e+02  -2.2590000000000001e+02
   1.9275200000000001e+02  -2.2559999999999999e+02
   1.9498400000000001e+02  -2.2530000000000001e+02
   1.9724199999999999e+02  -2.2500000000000000e+02
   1.9952600000000001e+02  -2.2469999999999999e+02
   2.0183699999999999e+02  -2.2440000000000001e+02
   2.0417400000000001e+02  -2.2409999999999999e+02
   2.0653800000000001e+02  -2.2380000000000001e+02
   2.0893000000000001e+02  -2.2350000000000000e+02
   2.1134899999999999e+02  -2.2319999999999999e+02
   2.1379599999999999e+02  -2.2290000000000001e+02
   2.1627199999999999e+02  -2.2259999999999999e+02
   2.1877600000000001e+02  -2.2230000000000001e+02
   2.2130900000000000e+02  -2.2200000000000000e+02
   2.2387200000000001e+02  -2.2169999999999999e+02
   2.2646400000000000e+02  -2.2140000000000001e+02
   2.2908699999999999e+02  -2.2109999999999999e+02
   2.3173900000000000e+02  -2.2080000000000001e+02
   2.3442300000000000e+02  -2.2050000000000000e+02
   2.3713700000000000e+02  -2.2019999999999999e+02
   2.3988300000000001e+02  -2.1990000000000001e+02
   2.4266100000000000e+02  -2.1959999999999999e+02
   2.4547100000000000e+02  -2.1930000000000001e+02
   2.4831299999999999e+02  -2.1900000000000000e+02
   2.5118899999999999e+02  -2.1869999999999999e+02
   2.5409700000000001e+02  -2.1840000000000001e+02
   2.5704000000000002e+02  -2.1809999999999999e+02
   2.6001600000000002e+02  -2.1780000000000001e+02
   2.6302699999999999e+02  -2.1750000000000000e+02
   2.6607299999999998e+02  -2.1719999999999999e+02
   2.6915300000000002e+02  -2.1690000000000001e+02
   2.7226999999999998e+02  -2.1659999999999999e+02
   2.7542300000000000e+02  -2.1630000000000001e+02
   2.7861200000000002e+02  -2.1600000000000000e+02
   2.8183800000000002e+02  -2.1569999999999999e+02
   2.8510199999999998e+02  -2.1540000000000001e+02
   2.8840300000000002e+02  -2.1509999999999999e+02
   2.9174299999999999e+02  -2.1480000000000001e+02
   2.9512099999999998e+02  -2.1450000000000000e+02
   2.9853800000000001e+02  -2.1419999999999999e+02
   3.0199500000000000e+02  -2.1390000000000001e+02
   3.0549200000000002e+02  -2.1359999999999999e+02
   3.0902999999999997e+02  -2.1330000000000001e+02
   3.1260800000000000e+02  -2.1300000000000000e+02
   3.1622800000000001e+02  -2.1269999999999999e+02
   3.1988999999999999e+02  -2.1240000000000001e+02
   3.2359399999999999e+02  -2.1209999999999999e+02
   3.2734100000000001e+02  -2.1180000000000001e+02
   3.3113099999999997e+02  -2.1150000000000000e+02
   3.3496499999999997e+02  -2.1119999999999999e+02
   3.3884399999999999e+02  -2.1090000000000001e+02
   3.4276799999999997e+02  -2.1059999999999999e+02
   3.4673700000000002e+02  -2.1030000000000001e+02
   3.5075200000000001e+02  -2.1000000000000000e+02
   3.5481299999999999e+02  -2.0969999999999999e+02
   3.5892200000000003e+02  -2.0940000000000001e+02
   3.6307799999999997e+02  -2.0909999999999999e+02
   3.6728199999999998e+02  -2.0880000000000001e+02
   3.7153500000000003e+02  -2.0850000000000000e+02
   3.7583699999999999e+02  -2.0819999999999999e+02
   3.8018900000000002e+02  -2.0790000000000001e+02
   3.8459199999999998e+02  -2.0759999999999999e+02
   3.8904500000000002e+02  -2.0730000000000001e+02
   3.9355000000000001e+02  -2.0700000000000000e+02
   3.9810700000000003e+02  -2.0669999999999999e+02
   4.0271699999999998e+02  -2.0640000000000001e+02
   4.0738000000000000e+02  -2.0609999999999999e+02
   4.1209800000000001e+02  -2.0580000000000001e+02
   4.1686900000000003e+02  -2.0550000000000000e+02
   4.2169700000000000e+02  -2.0519999999999999e+02
   4.2657999999999998e+02  -2.0490000000000001e+02
   4.3151900000000001e+02  -2.0459999999999999e+02
   4.3651600000000002e+02  -2.0430000000000001e+02
   4.4156999999999999e+02  -2.0400000000000000e+02
   4.4668400000000003e+02  -2.0369999999999999e+02
   4.5185599999999999e+02  -2.0340000000000001e+02
   4.5708800000000002e+02  -2.0309999999999999e+02
   4.6238099999999997e+02  -2.0280000000000001e+02
   4.6773500000000001e+02  -2.0250000000000000e+02
   4.7315100000000001e+02  -2.0219999999999999e+02
   4.7863000000000000e+02  -2.0190000000000001e+02
   4.8417200000000003e+02  -2.0159999999999999e+02
   4.8977900000000000e+02  -2.0130000000000001e+02
   4.9544999999999999e+02  -2.0100000000000000e+02
   5.0118700000000001e+02  -2.0069999999999999e+02
   5.0699099999999999e+02  -2.0040000000000001e+02
   5.1286099999999999e+02  -2.0009999999999999e+02
   5.1879999999999995e+02  -1.9980000000000001e+02
   5.2480700000000002e+02  -1.9950000000000000e+02
   5.3088400000000001e+02  -1.9919999999999999e+02
   5.3703200000000004e+02  -1.9890000000000001e+02
   5.4325000000000000e+02  -1.9859999999999999e+02
   5.4954100000000005e+02  -1.9830000000000001e+02
   5.5590400000000000e+02  -1.9800000000000000e+02
   5.6234100000000001e+02  -1.9769999999999999e+02
   5.6885299999999995e+02  -1.9740000000000001e+02
   5.7544000000000005e+02  -1.9709999999999999e+02
   5.8210299999999995e+02  -1.9680000000000001e+02
   5.8884400000000005e+02  -1.9650000000000000e+02
   5.9566200000000003e+02  -1.9619999999999999e+02
   6.0255999999999995e+02  -1.9590000000000001e+02
   6.0953700000000003e+02  -1.9559999999999999e+02
   6.1659500000000003e+02  -1.9530000000000001e+02
   6.2373500000000001e+02  -1.9500000000000000e+02
   6.3095699999999999e+02  -1.9469999999999999e+02
   6.3826300000000003e+02  -1.9440000000000001e+02
   6.4565400000000000e+02  -1.9409999999999999e+02
   6.5313099999999997e+02  -1.9380000000000001e+02
   6.6069299999999998e+02  -1.9350000000000000e+02
   6.6834400000000005e+02  -1.9319999999999999e+02
   6.7608299999999997e+02  -1.9290000000000001e+02
   6.8391200000000003e+02  -1.9259999999999999e+02
   6.9183100000000002e+02  -1.9230000000000001e+02
   6.9984199999999998e+02  -1.9200000000000000e+02
   7.0794600000000003e+02  -1.9169999999999999e+02
   7.1614300000000003e+02  -1.9140000000000001e+02
   7.2443600000000004e+02  -1.9109999999999999e+02
   7.3282500000000005e+02  -1.9080000000000001e+02
   7.4130999999999995e+02  -1.9050000000000000e+02
   7.4989400000000001e+02  -1.9019999999999999e+02
   7.5857799999999997e+02  -1.8990000000000001e+02
   7.6736099999999999e+02  -1.8959999999999999e+02
   7.7624699999999996e+02  -1.8930000000000001e+02
   7.8523599999999999e+02  -1.8900000000000000e+02
   7.9432799999999997e+02  -1.8869999999999999e+02
   8.0352599999999995e+02  -1.8840000000000001e+02
   8.1283100000000002e+02  -1.8809999999999999e+02
   8.2224300000000005e+02  -1.8780000000000001e+02
   8.3176400000000001e+02  -1.8750000000000000e+02
   8.4139499999999998e+02  -1.8719999999999999e+02
   8.5113800000000003e+02  -1.8690000000000001e+02
   8.6099400000000003e+02  -1.8659999999999999e+02
   8.7096400000000006e+02  -1.8630000000000001e+02
   8.8104899999999998e+02  -1.8600000000000000e+02
   8.9125099999999998e+02  -1.8569999999999999e+02
   9.0157100000000003e+02  -1.8540000000000001e+02
   9.1201099999999997e+02  -1.8509999999999999e+02
   9.2257100000000003e+02  -1.8480000000000001e+02
   9.3325400000000002e+02  -1.8450000000000000e+02
   9.4406100000000004e+02  -1.8419999999999999e+02
   9.5499300000000005e+02  -1.8390000000000001e+02
   9.6605100000000004e+02  -1.8359999999999999e+02
   9.7723699999999997e+02  -1.8330000000000001e+02
   9.8855300000000000e+02  -1.8300000000000000e+02
   1.0000000000000000e+03  -1.8269999999999999e+02
   1.0115790000000000e+03  -1.8240000000000001e+02
   1.0232930000000000e+03  -1.8209999999999999e+02
   1.0351420000000001e+03  -1.8180000000000001e+02
   1.0471289999999999e+03  -1.8150000000000000e+02
   1.0592539999999999e+03  -1.8119999999999999e+02
   1.0715190000000000e+03  -1.8090000000000001e+02
   1.0839269999999999e+03  -1.8059999999999999e+02
   1.0964780000000001e+03  -1.8030000000000001e+02
   1.1091750000000000e+03  -1.8000000000000000e+02
   1.1220180000000000e+03  -1.7969999999999999e+02
   1.1350110000000000e+03  -1.7940000000000001e+02
   1.1481540000000000e+03  -1.7909999999999999e+02
   1.1614490000000001e+03  -1.7880000000000001e+02
   1.1748979999999999e+03  -1.7850000000000000e+02
   1.1885020000000000e+03  -1.7819999999999999e+02
   1.2022639999999999e+03  -1.7790000000000001e+02
   1.2161859999999999e+03  -1.7759999999999999e+02
   1.2302690000000000e+03  -1.7730000000000001e+02
   1.2445150000000001e+03  -1.7700000000000000e+02
   1.2589250000000000e+03  -1.7669999999999999e+02
   1.2735029999999999e+03  -1.7640000000000001e+02
   1.2882500000000000e+03  -1.7609999999999999e+02
   1.3031669999999999e+03  -1.7580000000000001e+02
   1.3182570000000001e+03  -1.7550000000000000e+02
   1.3335210000000000e+03  -1.7519999999999999e+02
   1.3489630000000000e+03  -1.7490000000000001e+02
   1.3645830000000001e+03  -1.7459999999999999e+02
   1.3803840000000000e+03  -1.7430000000000001e+02
   1.3963679999999999e+03  -1.7400000000000000e+02
   1.4125380000000000e+03  -1.7369999999999999e+02
   1.4288940000000000e+03  -1.7340000000000001e+02
   1.4454400000000001e+03  -1.7309999999999999e+02
   1.4621769999999999e+03  -1.7280000000000001e+02
   1.4791079999999999e+03  -1.7250000000000000e+02
   1.4962360000000001e+03  -1.7219999999999999e+02
   1.5135609999999999e+03  -1.7190000000000001e+02
   1.5310870000000000e+03  -1.7159999999999999e+02
   1.5488170000000000e+03  -1.7130000000000001e+02
   1.5667510000000000e+03  -1.7100000000000000e+02
   1.5848930000000000e+03  -1.7069999999999999e+02
   1.6032449999999999e+03  -1.7040000000000001e+02
   1.6218099999999999e+03  -1.7009999999999999e+02
   1.6405899999999999e+03  -1.6980000000000001e+02
   1.6595870000000000e+03  -1.6950000000000000e+02
   1.6788040000000001e+03  -1.6919999999999999e+02
   1.6982439999999999e+03  -1.6890000000000001e+02
   1.7179079999999999e+03  -1.6859999999999999e+02
   1.7378009999999999e+03  -1.6830000000000001e+02
   1.7579240000000000e+03  -1.6800000000000000e+02
   1.7782790000000000e+03  -1.6769999999999999e+02
   1.7988710000000001e+03  -1.6740000000000001e+02
   1.8197010000000000e+03  -1.6709999999999999e+02
   1.8407719999999999e+03  -1.6680000000000001e+02
   1.8620870000000000e+03  -1.6650000000000000e+02
   1.8836489999999999e+03  -1.6619999999999999e+02
   1.9054610000000000e+03  -1.6590000000000001e+02
   1.9275250000000001e+03  -1.6559999999999999e+02
   1.9498450000000000e+03  -1.6530000000000001e+02
   1.9724230000000000e+03  -1.6500000000000000e+02
   1.9952619999999999e+03  -1.6469999999999999e+02
   2.0183660000000000e+03  -1.6439900000000000e+02
   2.0417380000000001e+03  -1.6409899999999999e+02
   2.0653800000000001e+03  -1.6379900000000001e+02
   2.0892959999999998e+03  -1.6349900000000000e+02
   2.1134890000000000e+03  -1.6319900000000001e+02
   2.1379620000000000e+03  -1.6289900000000000e+02
   2.1627190000000001e+03  -1.6259899999999999e+02
   2.1877620000000002e+03  -1.6229900000000001e+02
   2.2130949999999998e+03  -1.6199900000000000e+02
   2.2387210000000000e+03  -1.6169900000000001e+02
   2.2646439999999998e+03  -1.6139900000000000e+02
   2.2908679999999999e+03  -1.6109899999999999e+02
   2.3173950000000000e+03  -1.6079900000000001e+02
   2.3442289999999998e+03  -1.6049900000000000e+02
   2.3713739999999998e+03  -1.6019900000000001e+02
   2.3988330000000001e+03  -1.5989900000000000e+02
   2.4266100000000001e+03  -1.5959899999999999e+02
   2.4547089999999998e+03  -1.5929900000000001e+02
   2.4831329999999998e+03  -1.5899900000000000e+02
   2.5118860000000000e+03  -1.5869900000000001e+02
   2.5409730000000000e+03  -1.5839900000000000e+02
   2.5703960000000002e+03  -1.5809899999999999e+02
   2.6001599999999999e+03  -1.5779900000000001e+02
   2.6302680000000000e+03  -1.5749900000000000e+02
   2.6607249999999999e+03  -1.5719900000000001e+02
   2.6915349999999999e+03  -1.5689900000000000e+02
   2.7227010000000000e+03  -1.5659899999999999e+02
   2.7542289999999998e+03  -1.5629900000000001e+02
   2.7861210000000001e+03  -1.5599900000000000e+02
   2.8183829999999998e+03  -1.5569900000000001e+02
   2.8510180000000000e+03  -1.5539900000000000e+02
   2.8840320000000002e+03  -1.5509899999999999e+02
   2.9174270000000001e+03  -1.5479900000000001e+02
   2.9512089999999998e+03  -1.5449900000000000e+02
   2.9853829999999998e+03  -1.5419900000000001e+02
   3.0199520000000002e+03  -1.5389900000000000e+02
   3.0549209999999998e+03  -1.5359899999999999e+02
   3.0902950000000001e+03  -1.5329900000000001e+02
   3.1260790000000002e+03  -1.5299900000000000e+02
   3.1622779999999998e+03  -1.5269900000000001e+02
   3.1988950000000000e+03  -1.5239900000000000e+02
   3.2359369999999999e+03  -1.5209899999999999e+02
   3.2734070000000002e+03  -1.5179900000000001e+02
   3.3113110000000001e+03  -1.5149900000000000e+02
   3.3496540000000000e+03  -1.5119900000000001e+02
   3.3884420000000000e+03  -1.5089900000000000e+02
   3.4276779999999999e+03  -1.5059899999999999e+02
   3.4673690000000001e+03  -1.5029800000000000e+02
   3.5075189999999998e+03  -1.4999799999999999e+02
   3.5481340000000000e+03  -1.4969800000000001e+02
   3.5892190000000001e+03  -1.4939800000000000e+02
   3.6307809999999999e+03  -1.4909800000000001e+02
   3.6728229999999999e+03  -1.4879800000000000e+02
   3.7153519999999999e+03  -1.4849799999999999e+02
   3.7583739999999998e+03  -1.4819800000000001e+02
   3.8018939999999998e+03  -1.4789800000000000e+02
   3.8459180000000001e+03  -1.4759800000000001e+02
   3.8904510000000000e+03  -1.4729800000000000e+02
   3.9355010000000002e+03  -1.4699799999999999e+02
   3.9810720000000001e+03  -1.4669800000000001e+02
   4.0271700000000001e+03  -1.4639800000000000e+02
   4.0738029999999999e+03  -1.4609800000000001e+02
   4.1209750000000004e+03  -1.4579800000000000e+02
   4.1686940000000004e+03  -1.4549799999999999e+02
   4.2169650000000001e+03  -1.4519800000000001e+02
   4.2657950000000001e+03  -1.4489800000000000e+02
   4.3151909999999998e+03  -1.4459800000000001e+02
   4.3651580000000004e+03  -1.4429800000000000e+02
   4.4157039999999997e+03  -1.4399799999999999e+02
   4.4668360000000002e+03  -1.4369800000000001e+02
   4.5185590000000002e+03  -1.4339699999999999e+02
   4.5708819999999996e+03  -1.4309700000000001e+02
   4.6238100000000004e+03  -1.4279700000000000e+02
   4.6773509999999997e+03  -1.4249700000000001e+02
   4.7315129999999999e+03  -1.4219700000000000e+02
   4.7863010000000004e+03  -1.4189699999999999e+02
   4.8417240000000002e+03  -1.4159700000000001e+02
   4.8977879999999996e+03  -1.4129700000000000e+02
   4.9545020000000004e+03  -1.4099700000000001e+02
   5.0118720000000003e+03  -1.4069700000000000e+02
   5.0699070000000002e+03  -1.4039699999999999e+02
   5.1286139999999996e+03  -1.4009700000000001e+02
   5.1880000000000000e+03  -1.3979700000000000e+02
   5.2480749999999998e+03  -1.3949700000000001e+02
   5.3088440000000001e+03  -1.3919600000000000e+02
   5.3703180000000002e+03  -1.3889599999999999e+02
   5.4325029999999997e+03  -1.3859600000000000e+02
   5.4954089999999997e+03  -1.3829599999999999e+02
   5.5590429999999997e+03  -1.3799600000000001e+02
   5.6234129999999996e+03  -1.3769600000000000e+02
   5.6885290000000005e+03  -1.3739599999999999e+02
   5.7543990000000003e+03  -1.3709600000000000e+02
   5.8210320000000002e+03  -1.3679599999999999e+02
   5.8884369999999999e+03  -1.3649600000000001e+02
   5.9566210000000001e+03  -1.3619600000000000e+02
   6.0255959999999995e+03  -1.3589500000000001e+02
   6.0953689999999997e+03  -1.3559500000000000e+02
   6.1659499999999998e+03  -1.3529499999999999e+02
   6.2373480000000000e+03  -1.3499500000000000e+02
   6.3095730000000003e+03  -1.3469499999999999e+02
   6.3826350000000002e+03  -1.3439500000000001e+02
   6.4565420000000004e+03  -1.3409500000000000e+02
   6.5313059999999996e+03  -1.3379499999999999e+02
   6.6069340000000002e+03  -1.3349500000000000e+02
   6.6834390000000003e+03  -1.3319399999999999e+02
   6.7608299999999999e+03  -1.3289400000000001e+02
   6.8391160000000000e+03  -1.3259399999999999e+02
   6.9183100000000004e+03  -1.3229400000000001e+02
   6.9984200000000001e+03  -1.3199400000000000e+02
   7.0794579999999996e+03  -1.3169399999999999e+02
   7.1614340000000002e+03  -1.3139400000000001e+02
   7.2443599999999997e+03  -1.3109299999999999e+02
   7.3282449999999999e+03  -1.3079300000000001e+02
   7.4131019999999999e+03  -1.3049299999999999e+02
   7.4989420000000000e+03  -1.3019300000000001e+02
   7.5857759999999998e+03  -1.2989300000000000e+02
   7.6736149999999998e+03  -1.2959299999999999e+02
   7.7624709999999995e+03  -1.2929200000000000e+02
   7.8523559999999998e+03  -1.2899199999999999e+02
   7.9432820000000002e+03  -1.2869200000000001e+02
   8.0352610000000004e+03  -1.2839200000000000e+02
   8.1283050000000003e+03  -1.2809200000000001e+02
   8.2224259999999995e+03  -1.2779200000000000e+02
   8.3176380000000008e+03  -1.2749100000000000e+02
   8.4139509999999991e+03  -1.2719100000000000e+02
   8.5113799999999992e+03  -1.2689100000000001e+02
   8.6099380000000001e+03  -1.2659099999999999e+02
   8.7096360000000004e+03  -1.2629000000000001e+02
   8.8104889999999996e+03  -1.2598999999999999e+02
   8.9125090000000000e+03  -1.2569000000000000e+02
   9.0157109999999993e+03  -1.2539000000000000e+02
   9.1201080000000002e+03  -1.2509000000000000e+02
   9.2257139999999999e+03  -1.2478900000000000e+02
   9.3325429999999997e+03  -1.2448900000000000e+02
   9.4406090000000004e+03  -1.2418899999999999e+02
   9.5499259999999995e+03  -1.2388900000000000e+02
   9.6605090000000000e+03  -1.2358799999999999e+02
   9.7723719999999994e+03  -1.2328800000000000e+02
   9.8855310000000009e+03  -1.2298800000000000e+02
   1.0000000000000000e+04  -1.2268700000000000e+02
   1.0115795000000000e+04  -1.2238700000000000e+02
   1.0232930000000000e+04  -1.2208700000000000e+02
   1.0351422000000000e+04  -1.2178700000000001e+02
   1.0471285000000000e+04  -1.2148600000000000e+02
   1.0592537000000000e+04  -1.2118600000000001e+02
   1.0715192999999999e+04  -1.2088600000000000e+02
   1.0839269000000000e+04  -1.2058499999999999e+02
   1.0964781999999999e+04  -1.2028500000000000e+02
   1.1091748000000000e+04  -1.1998500000000000e+02
   1.1220184999999999e+04  -1.1968400000000000e+02
   1.1350108000000000e+04  -1.1938400000000000e+02
   1.1481536000000000e+04  -1.1908300000000000e+02
   1.1614486000000001e+04  -1.1878300000000000e+02
   1.1748976000000001e+04  -1.1848300000000000e+02
   1.1885022000000001e+04  -1.1818200000000000e+02
   1.2022644000000000e+04  -1.1788200000000001e+02
   1.2161860000000001e+04  -1.1758100000000000e+02
   1.2302688000000000e+04  -1.1728100000000001e+02
   1.2445146000000001e+04  -1.1698099999999999e+02
   1.2589254000000001e+04  -1.1668000000000001e+02
   1.2735031000000001e+04  -1.1638000000000000e+02
   1.2882495999999999e+04  -1.1607899999999999e+02
   1.3031668000000000e+04  -1.1577900000000000e+02
   1.3182566999999999e+04  -1.1547799999999999e+02
   1.3335214000000000e+04  -1.1517800000000000e+02
   1.3489629000000001e+04  -1.1487700000000000e+02
   1.3645831000000000e+04  -1.1457700000000000e+02
   1.3803843000000001e+04  -1.1427600000000000e+02
   1.3963683999999999e+04  -1.1397600000000000e+02
   1.4125375000000000e+04  -1.1367500000000000e+02
   1.4288940000000001e+04  -1.1337400000000000e+02
   1.4454397999999999e+04  -1.1307400000000000e+02
   1.4621772000000001e+04  -1.1277300000000000e+02
   1.4791084000000001e+04  -1.1247300000000000e+02
   1.4962357000000000e+04  -1.1217200000000000e+02
   1.5135611999999999e+04  -1.1187100000000000e+02
   1.5310875000000000e+04  -1.1157100000000000e+02
   1.5488165999999999e+04  -1.1127000000000000e+02
   1.5667511000000000e+04  -1.1096899999999999e+02
   1.5848932000000001e+04  -1.1066900000000000e+02
   1.6032454000000000e+04  -1.1036799999999999e+02
   1.6218101000000001e+04  -1.1006699999999999e+02
   1.6405898000000001e+04  -1.0976600000000001e+02
   1.6595868999999999e+04  -1.0946500000000000e+02
   1.6788040000000001e+04  -1.0916500000000001e+02
   1.6982437000000002e+04  -1.0886400000000000e+02
   1.7179083999999999e+04  -1.0856300000000000e+02
   1.7378008000000002e+04  -1.0826200000000000e+02
   1.7579236000000001e+04  -1.0796100000000000e+02
   1.7782794000000002e+04  -1.0766000000000000e+02
   1.7988708999999999e+04  -1.0735899999999999e+02
   1.8197008999999998e+04  -1.0705800000000001e+02
   1.8407720000000001e+04  -1.0675800000000000e+02
   1.8620870999999999e+04  -1.0645699999999999e+02
   1.8836491000000002e+04  -1.0615600000000001e+02
   1.9054607000000000e+04  -1.0585400000000000e+02
   1.9275249000000000e+04  -1.0555300000000000e+02
   1.9498446000000000e+04  -1.0525200000000000e+02
   1.9724226999999999e+04  -1.0495099999999999e+02
   1.9952623000000000e+04  -1.0465000000000001e+02
   2.0183664000000001e+04  -1.0434900000000000e+02
   2.0417379000000001e+04  -1.0404800000000000e+02
   2.0653802000000000e+04  -1.0374700000000000e+02
   2.0892960999999999e+04  -1.0344499999999999e+02
   2.1134889999999999e+04  -1.0314400000000001e+02
   2.1379620999999999e+04  -1.0284300000000000e+02
   2.1627185000000001e+04  -1.0254100000000000e+02
   2.1877616000000002e+04  -1.0223999999999999e+02
   2.2130947000000000e+04  -1.0193899999999999e+02
   2.2387210999999999e+04  -1.0163700000000000e+02
   2.2646442999999999e+04  -1.0133600000000000e+02
   2.2908677000000000e+04  -1.0103400000000001e+02
   2.3173946000000000e+04  -1.0073300000000000e+02
   2.3442288000000000e+04  -1.0043100000000000e+02
   2.3713737000000001e+04  -1.0012900000000000e+02
   2.3988329000000002e+04  -9.9828000000000003e+01
   2.4266100999999999e+04  -9.9525999999999996e+01
   2.4547089000000000e+04  -9.9224000000000004e+01
   2.4831330999999998e+04  -9.8923000000000002e+01
   2.5118864000000001e+04  -9.8620999999999995e+01
   2.5409726999999999e+04  -9.8319000000000003e+01
   2.5703957999999999e+04  -9.8016999999999996e+01
   2.6001596000000001e+04  -9.7715000000000003e+01
   2.6302680000000000e+04  -9.7412999999999997e+01
   2.6607251000000000e+04  -9.7111000000000004e+01
   2.6915348000000002e+04  -9.6808999999999997e+01
   2.7227012999999999e+04  -9.6507000000000005e+01
   2.7542287000000000e+04  -9.6204999999999998e+01
   2.7861212000000000e+04  -9.5903000000000006e+01
   2.8183829000000002e+04  -9.5599999999999994e+01
   2.8510183000000001e+04  -9.5298000000000002e+01
   2.8840314999999999e+04  -9.4995999999999995e+01
   2.9174270000000000e+04  -9.4692999999999998e+01
   2.9512092000000001e+04  -9.4391000000000005e+01
   2.9853826000000001e+04  -9.4087999999999994e+01
   3.0199517000000000e+04  -9.3784999999999997e+01
   3.0549210999999999e+04  -9.3483000000000004e+01
   3.0902954000000002e+04  -9.3180000000000007e+01
   3.1260794000000002e+04  -9.2876999999999995e+01
   3.1622776999999998e+04  -9.2573999999999998e+01
   3.1988951000000001e+04  -9.2271000000000001e+01
   3.2359366000000002e+04  -9.1968000000000004e+01
   3.2734069000000000e+04  -9.1665000000000006e+01
   3.3113112000000001e+04  -9.1361999999999995e+01
   3.3496544000000002e+04  -9.1058999999999997e+01
   3.3884415999999997e+04  -9.0756000000000000e+01
   3.4276779000000002e+04  -9.0451999999999998e+01
   3.4673684999999998e+04  -9.0149000000000001e+01
   3.5075186999999998e+04  -8.9844999999999999e+01
   3.5481339000000000e+04  -8.9542000000000002e+01
   3.5892192999999999e+04  -8.9238000000000000e+01
   3.6307805000000000e+04  -8.8933999999999997e+01
   3.6728230000000003e+04  -8.8629999999999995e+01
   3.7153523000000001e+04  -8.8326999999999998e+01
   3.7583739999999998e+04  -8.8022000000000006e+01
   3.8018940000000002e+04  -8.7718000000000004e+01
   3.8459178000000000e+04  -8.7414000000000001e+01
   3.8904514000000003e+04  -8.7109999999999999e+01
   3.9355008000000002e+04  -8.6805000000000007e+01
   3.9810716999999997e+04  -8.6501000000000005e+01
   4.0271703000000001e+04  -8.6195999999999998e+01
   4.0738027999999998e+04  -8.5891000000000005e+01
   4.1209752000000000e+04  -8.5585999999999999e+01
   4.1686938000000002e+04  -8.5281000000000006e+01
   4.2169650000000001e+04  -8.4975999999999999e+01
   4.2657951999999997e+04  -8.4671000000000006e+01
   4.3151908000000003e+04  -8.4366000000000000e+01
   4.3651582999999999e+04  -8.4060000000000002e+01
   4.4157044999999998e+04  -8.3754999999999995e+01
   4.4668358999999997e+04  -8.3448999999999998e+01
   4.5185593999999997e+04  -8.3143000000000001e+01
   4.5708819000000003e+04  -8.2837000000000003e+01
   4.6238101999999999e+04  -8.2531000000000006e+01
   4.6773514000000003e+04  -8.2224000000000004e+01
   4.7315125999999997e+04  -8.1918000000000006e+01
   4.7863008999999998e+04  -8.1611000000000004e+01
   4.8417237000000001e+04  -8.1305000000000007e+01
   4.8977881999999998e+04  -8.0998000000000005e+01
   4.9545019000000000e+04  -8.0691000000000003e+01
   5.0118722999999998e+04  -8.0382999999999996e+01
   5.0699071000000004e+04  -8.0075999999999993e+01
   5.1286137999999999e+04  -7.9768000000000001e+01
   5.1880004000000001e+04  -7.9460999999999999e+01
   5.2480745999999999e+04  -7.9153000000000006e+01
   5.3088444000000003e+04  -7.8844999999999999e+01
   5.3703180000000000e+04  -7.8536000000000001e+01
   5.4325033000000003e+04  -7.8227999999999994e+01
   5.4954087000000000e+04  -7.7918999999999997e+01
   5.5590425999999999e+04  -7.7609999999999999e+01
   5.6234133000000002e+04  -7.7301000000000002e+01
   5.6885292999999998e+04  -7.6991000000000000e+01
   5.7543993999999999e+04  -7.6682000000000002e+01
   5.8210322000000000e+04  -7.6372000000000000e+01
   5.8884366000000002e+04  -7.6061999999999998e+01
   5.9566214000000000e+04  -7.5751999999999995e+01
   6.0255959000000003e+04  -7.5441000000000003e+01
   6.0953690000000002e+04  -7.5129999999999995e+01
   6.1659500000000000e+04  -7.4819000000000003e+01
   6.2373483999999997e+04  -7.4507999999999996e+01
   6.3095733999999997e+04  -7.4197000000000003e+01
   6.3826349000000002e+04  -7.3885000000000005e+01
   6.4565423000000003e+04  -7.3572999999999993e+01
   6.5313055000000000e+04  -7.3260000000000005e+01
   6.6069345000000001e+04  -7.2947000000000003e+01
   6.6834392000000007e+04  -7.2634000000000000e+01
   6.7608297999999995e+04  -7.2320999999999998e+01
   6.8391164999999994e+04  -7.2007000000000005e+01
   6.9183096999999994e+04  -7.1694000000000003e+01
   6.9984199999999997e+04  -7.1379000000000005e+01
   7.0794577999999994e+04  -7.1064999999999998e+01
   7.1614341000000000e+04  -7.0750000000000000e+01
   7.2443596000000005e+04  -7.0433999999999997e+01
   7.3282452999999994e+04  -7.0119000000000000e+01
   7.4131024000000005e+04  -6.9802000000000007e+01
   7.4989421000000002e+04  -6.9486000000000004e+01
   7.5857758000000002e+04  -6.9168999999999997e+01
   7.6736149000000005e+04  -6.8852000000000004e+01
   7.7624712000000000e+04  -6.8534000000000006e+01
   7.8523562999999995e+04  -6.8215999999999994e+01
   7.9432823000000004e+04  -6.7897999999999996e+01
   8.0352611999999994e+04  -6.7578999999999994e+01
   8.1283051999999996e+04  -6.7259000000000000e+01
   8.2224264999999999e+04  -6.6938999999999993e+01
   8.3176376999999993e+04  -6.6619000000000000e+01
   8.4139513999999996e+04  -6.6298000000000002e+01
   8.5113804000000004e+04  -6.5977000000000004e+01
   8.6099375000000000e+04  -6.5655000000000001e+01
   8.7096358999999997e+04  -6.5331999999999994e+01
   8.8104887000000002e+04  -6.5009000000000000e+01
   8.9125093999999997e+04  -6.4686000000000007e+01
   9.0157114000000001e+04  -6.4361999999999995e+01
   9.1201084000000003e+04  -6.4037000000000006e+01
   9.2257142999999996e+04  -6.3712000000000003e+01
   9.3325429999999993e+04  -6.3386000000000003e+01
   9.4406088000000003e+04  -6.3058999999999997e+01
   9.5499259000000005e+04  -6.2731999999999999e+01
   9.6605088000000003e+04  -6.2404000000000003e+01
   9.7723721999999994e+04  -6.2076000000000001e+01
   9.8855308999999994e+04  -6.1747000000000000e+01
   1.0000000000000000e+05  -6.1417000000000002e+01
   1.0115794500000001e+05  -6.1085999999999999e+01
   1.0232929900000000e+05  -6.0755000000000003e+01
   1.0351421700000000e+05  -6.0423000000000002e+01
   1.0471285500000000e+05  -6.0090000000000003e+01
   1.0592537300000001e+05  -5.9756000000000000e+01
   1.0715193100000000e+05  -5.9420999999999999e+01
   1.0839269100000001e+05  -5.9085999999999999e+01
   1.0964782000000001e+05  -5.8750000000000000e+01
   1.1091748200000000e+05  -5.8411999999999999e+01
   1.1220184500000000e+05  -5.8073999999999998e+01
   1.1350108199999999e+05  -5.7734999999999999e+01
   1.1481536199999999e+05  -5.7395000000000003e+01
   1.1614486100000000e+05  -5.7054000000000002e+01
   1.1748975500000000e+05  -5.6712000000000003e+01
   1.1885022300000000e+05  -5.6369000000000000e+01
   1.2022644300000000e+05  -5.6024999999999999e+01
   1.2161860000000001e+05  -5.5679000000000002e+01
   1.2302687699999999e+05  -5.5332999999999998e+01
   1.2445146100000000e+05  -5.4984999999999999e+01
   1.2589254100000000e+05  -5.4637000000000000e+01
   1.2735030800000000e+05  -5.4286999999999999e+01
   1.2882495500000000e+05  -5.3935000000000002e+01
   1.3031667800000000e+05  -5.3582999999999998e+01
   1.3182567400000000e+05  -5.3228999999999999e+01
   1.3335214300000001e+05  -5.2874000000000002e+01
   1.3489628800000000e+05  -5.2517000000000003e+01
   1.3645831400000001e+05  -5.2158999999999999e+01
   1.3803842600000001e+05  -5.1798999999999999e+01
   1.3963683600000001e+05  -5.1438000000000002e+01
   1.4125375399999999e+05  -5.1076000000000001e+01
   1.4288939600000001e+05  -5.0710999999999999e+01
   1.4454397700000001e+05  -5.0344999999999999e+01
   1.4621771700000000e+05  -4.9978000000000002e+01
   1.4791083900000001e+05  -4.9607999999999997e+01
   1.4962356599999999e+05  -4.9237000000000002e+01
   1.5135612500000000e+05  -4.8863999999999997e+01
   1.5310874600000001e+05  -4.8488999999999997e+01
   1.5488166200000001e+05  -4.8112000000000002e+01
   1.5667510699999999e+05  -4.7732999999999997e+01
   1.5848931899999999e+05  -4.7351999999999997e+01
   1.6032453899999999e+05  -4.6969000000000001e+01
   1.6218101000000001e+05  -4.6582999999999998e+01
   1.6405897700000001e+05  -4.6195999999999998e+01
   1.6595869099999999e+05  -4.5805999999999997e+01
   1.6788040200000000e+05  -4.5412999999999997e+01
   1.6982436499999999e+05  -4.5018000000000001e+01
   1.7179083900000001e+05  -4.4621000000000002e+01
   1.7378008300000001e+05  -4.4220999999999997e+01
   1.7579236100000000e+05  -4.3817999999999998e+01
   1.7782794099999999e+05  -4.3411999999999999e+01
   1.7988709200000000e+05  -4.3003999999999998e+01
   1.8197008600000001e+05  -4.2591999999999999e+01
   1.8407720000000001e+05  -4.2177999999999997e+01
   1.8620871400000001e+05  -4.1759999999999998e+01
   1.8836490900000001e+05  -4.1338999999999999e+01
   1.9054607199999999e+05  -4.0914999999999999e+01
   1.9275249100000001e+05  -4.0487000000000002e+01
   1.9498445999999999e+05  -4.0055000000000000e+01
   1.9724227400000000e+05  -3.9619999999999997e+01
   1.9952623100000000e+05  -3.9180999999999997e+01
   2.0183663600000000e+05  -3.8738000000000000e+01
   2.0417379399999999e+05  -3.8290999999999997e+01
   2.0653801600000000e+05  -3.7838999999999999e+01
   2.0892961300000001e+05  -3.7383000000000003e+01
   2.1134890400000001e+05  -3.6923000000000002e+01
   2.1379620900000000e+05  -3.6457999999999998e+01
   2.1627185200000001e+05  -3.5988000000000000e+01
   2.1877616200000001e+05  -3.5512999999999998e+01
   2.2130947099999999e+05  -3.5031999999999996e+01
   2.2387211400000000e+05  -3.4546999999999997e+01
   2.2646443100000001e+05  -3.4055000000000000e+01
   2.2908676500000001e+05  -3.3558000000000000e+01
   2.3173946500000000e+05  -3.3054000000000002e+01
   2.3442288200000001e+05  -3.2545000000000002e+01
   2.3713737100000001e+05  -3.2027999999999999e+01
   2.3988329199999999e+05  -3.1504999999999999e+01
   2.4266101000000001e+05  -3.0975000000000001e+01
   2.4547089199999999e+05  -3.0437999999999999e+01
   2.4831331099999999e+05  -2.9891999999999999e+01
   2.5118864300000001e+05  -2.9338999999999999e+01
   2.5409727100000001e+05  -2.8777000000000001e+01
   2.5703957800000001e+05  -2.8207000000000001e+01
   2.6001595600000001e+05  -2.7628000000000000e+01
   2.6302679900000000e+05  -2.7039000000000001e+01
   2.6607250599999999e+05  -2.6440000000000001e+01
   2.6915347999999998e+05  -2.5831000000000000e+01
   2.7227013099999999e+05  -2.5212000000000000e+01
   2.7542287000000000e+05  -2.4579999999999998e+01
   2.7861211700000003e+05  -2.3937000000000001e+01
   2.8183829300000001e+05  -2.3282000000000000e+01
   2.8510182699999999e+05  -2.2614000000000001e+01
   2.8840315000000002e+05  -2.1931999999999999e+01
   2.9174270100000000e+05  -2.1234999999999999e+01
   2.9512092300000001e+05  -2.0524000000000001e+01
   2.9853826199999999e+05  -1.9797000000000001e+01
   3.0199517200000002e+05  -1.9053000000000001e+01
   3.0549211099999998e+05  -1.8291000000000000e+01
   3.0902954300000001e+05  -1.7510999999999999e+01
   3.1260793699999998e+05  -1.6710999999999999e+01
   3.1622776600000000e+05  -1.5891000000000000e+01
   3.1988951100000000e+05  -1.5048999999999999e+01
   3.2359365700000001e+05  -1.4183000000000000e+01
   3.2734069500000001e+05  -1.3292999999999999e+01
   3.3113112099999998e+05  -1.2377000000000001e+01
   3.3496543900000001e+05  -1.1433000000000000e+01
   3.3884415600000002e+05  -1.0460000000000001e+01
   3.4276778700000001e+05  -9.4559999999999995e+00
   3.4673684999999998e+05  -8.4190000000000005e+00
   3.5075187400000001e+05  -7.3460000000000001e+00
   3.5481338900000002e+05  -6.2359999999999998e+00
   3.5892193500000000e+05  -5.0860000000000003e+00
   3.6307805499999999e+05  -3.8940000000000001e+00
   3.6728229999999999e+05  -2.6579999999999999e+00
   3.7153522899999999e+05  -1.3750000000000000e+00
   3.7583740399999998e+05  -4.3999999999999997e-02
   3.8018939600000001e+05   1.3380000000000001e+00
   3.8459178200000001e+05   2.7709999999999999e+00
   3.8904514500000002e+05   4.2539999999999996e+00
   3.9355007500000001e+05   5.7869999999999999e+00
   3.9810717099999997e+05   7.3630000000000004e+00
   4.0271703399999999e+05   8.9740000000000002e+00
   4.0738027799999999e+05   1.0605000000000000e+01
   4.1209751899999997e+05   1.2237000000000000e+01
   4.1686938299999997e+05   1.3842000000000001e+01
   4.2169650300000003e+05   1.5382999999999999e+01
   4.2657951899999997e+05   1.6821000000000002e+01
   4.3151907699999999e+05   1.8113000000000000e+01
   4.3651583199999999e+05   1.9219000000000001e+01
   4.4157044699999999e+05   2.0103000000000002e+01
   4.4668359200000000e+05   2.0734999999999999e+01
   4.5185594400000002e+05   2.1088000000000001e+01
   4.5708819000000000e+05   2.1141999999999999e+01
   4.6238102100000001e+05   2.0888000000000002e+01
   4.6773514100000000e+05   2.0326000000000001e+01
   4.7315125900000002e+05   1.9466999999999999e+01
   4.7863009200000000e+05   1.8340000000000000e+01
   4.8417236800000002e+05   1.6989000000000001e+01
   4.8977881900000002e+05   1.5468999999999999e+01
   4.9545019099999999e+05   1.3839000000000000e+01
   5.0118723400000000e+05   1.2150000000000000e+01
   5.0699070799999998e+05   1.0446000000000000e+01
   5.1286138400000002e+05   8.7560000000000002e+00
   5.1880003899999999e+05   7.1010000000000000e+00
   5.2480745999999996e+05   5.4920000000000000e+00
   5.3088444400000002e+05   3.9369999999999998e+00
   5.3703179599999997e+05   2.4380000000000002e+00
   5.4325033100000001e+05   9.9600000000000000e-01
   5.4954087399999995e+05  -3.9000000000000001e-01
   5.5590425699999998e+05  -1.7230000000000001e+00
   5.6234132499999995e+05  -3.0049999999999999e+00
   5.6885293099999998e+05  -4.2380000000000004e+00
   5.7543993700000003e+05  -5.4260000000000002e+00
   5.8210321799999999e+05  -6.5709999999999997e+00
   5.8884365500000003e+05  -7.6749999999999998e+00
   5.9566214399999997e+05  -8.7420000000000009e+00
   6.0255958600000001e+05  -9.7729999999999997e+00
   6.0953689700000000e+05  -1.0771000000000001e+01
   6.1659500199999998e+05  -1.1738000000000000e+01
   6.2373483499999996e+05  -1.2676000000000000e+01
   6.3095734400000004e+05  -1.3586000000000000e+01
   6.3826348600000003e+05  -1.4470000000000001e+01
   6.4565422900000005e+05  -1.5329000000000001e+01
   6.5313055299999996e+05  -1.6166000000000000e+01
   6.6069344799999997e+05  -1.6981000000000002e+01
   6.6834391799999995e+05  -1.7774999999999999e+01
   6.7608297499999998e+05  -1.8550000000000001e+01
   6.8391164700000000e+05  -1.9306999999999999e+01
   6.9183097100000002e+05  -2.0045999999999999e+01
   6.9984199600000004e+05  -2.0768999999999998e+01
   7.0794578399999999e+05  -2.1475000000000001e+01
   7.1614341000000003e+05  -2.2167999999999999e+01
   7.2443595999999996e+05  -2.2844999999999999e+01
   7.3282453300000005e+05  -2.3510000000000002e+01
   7.4131024100000004e+05  -2.4161000000000001e+01
   7.4989420900000003e+05  -2.4800999999999998e+01
   7.5857757499999995e+05  -2.5428000000000001e+01
   7.6736148899999994e+05  -2.6045000000000002e+01
   7.7624711699999997e+05  -2.6649999999999999e+01
   7.8523563500000001e+05  -2.7245999999999999e+01
   7.9432823499999999e+05  -2.7832000000000001e+01
   8.0352612199999997e+05  -2.8408000000000001e+01
   8.1283051599999995e+05  -2.8975999999999999e+01
   8.2224265000000002e+05  -2.9535000000000000e+01
   8.3176377099999995e+05  -3.0085000000000001e+01
   8.4139514199999999e+05  -3.0628000000000000e+01
   8.5113803799999994e+05  -3.1163000000000000e+01
   8.6099375199999998e+05  -3.1690999999999999e+01
   8.7096358999999997e+05  -3.2212000000000003e+01
   8.8104887300000002e+05  -3.2725999999999999e+01
   8.9125093799999997e+05  -3.3232999999999997e+01
   9.0157113800000004e+05  -3.3734999999999999e+01
   9.1201083900000004e+05  -3.4229999999999997e+01
   9.2257142700000003e+05  -3.4719999999999999e+01
   9.3325430099999998e+05  -3.5204000000000001e+01
   9.4406087600000005e+05  -3.5682000000000002e+01
   9.5499258600000001e+05  -3.6155999999999999e+01
   9.6605087899999996e+05  -3.6624000000000002e+01
   9.7723722100000002e+05  -3.7088000000000001e+01
   9.8855309499999997e+05  -3.7545999999999999e+01
   1.0000000000000000e+06  -3.8000999999999998e+01
   1.0115794540000000e+06  -3.8451000000000001e+01
   1.0232929920000000e+06  -3.8896999999999998e+01
   1.0351421670000000e+06  -3.9338000000000001e+01
   1.0471285480000000e+06  -3.9776000000000003e+01
   1.0592537250000001e+06  -4.0210000000000001e+01
   1.0715193049999999e+06  -4.0640000000000001e+01
   1.0839269140000001e+06  -4.1067000000000000e+01
   1.0964781960000000e+06  -4.1490000000000002e+01
   1.1091748149999999e+06  -4.1909999999999997e+01
   1.1220184539999999e+06  -4.2326999999999998e+01
   1.1350108160000001e+06  -4.2740000000000002e+01
   1.1481536210000000e+06  -4.3151000000000003e+01
   1.1614486140000001e+06  -4.3558000000000000e+01
   1.1748975549999999e+06  -4.3963000000000001e+01
   1.1885022270000000e+06  -4.4365000000000002e+01
   1.2022644350000001e+06  -4.4764000000000003e+01
   1.2161860009999999e+06  -4.5159999999999997e+01
   1.2302687709999999e+06  -4.5554000000000002e+01
   1.2445146120000000e+06  -4.5945999999999998e+01
   1.2589254120000000e+06  -4.6335000000000001e+01
   1.2735030810000000e+06  -4.6722000000000001e+01
   1.2882495519999999e+06  -4.7106999999999999e+01
   1.3031667779999999e+06  -4.7488999999999997e+01
   1.3182567390000001e+06  -4.7869000000000000e+01
   1.3335214320000000e+06  -4.8247999999999998e+01
   1.3489628829999999e+06  -4.8624000000000002e+01
   1.3645831370000001e+06  -4.8997999999999998e+01
   1.3803842649999999e+06  -4.9371000000000002e+01
   1.3963683610000000e+06  -4.9741000000000000e+01
   1.4125375449999999e+06  -5.0109999999999999e+01
   1.4288939590000000e+06  -5.0476999999999997e+01
   1.4454397709999999e+06  -5.0843000000000004e+01
   1.4621771740000001e+06  -5.1206000000000003e+01
   1.4791083880000000e+06  -5.1567999999999998e+01
   1.4962356560000000e+06  -5.1929000000000002e+01
   1.5135612479999999e+06  -5.2287999999999997e+01
   1.5310874620000001e+06  -5.2646000000000001e+01
   1.5488166189999999e+06  -5.3002000000000002e+01
   1.5667510700000001e+06  -5.3356999999999999e+01
   1.5848931920000000e+06  -5.3710000000000001e+01
   1.6032453910000001e+06  -5.4061999999999998e+01
   1.6218100970000001e+06  -5.4412999999999997e+01
   1.6405897730000000e+06  -5.4762999999999998e+01
   1.6595869069999999e+06  -5.5110999999999997e+01
   1.6788040179999999e+06  -5.5457999999999998e+01
   1.6982436520000000e+06  -5.5804000000000002e+01
   1.7179083870000001e+06  -5.6149000000000001e+01
   1.7378008289999999e+06  -5.6493000000000002e+01
   1.7579236140000001e+06  -5.6835999999999999e+01
   1.7782794099999999e+06  -5.7177000000000000e+01
   1.7988709150000000e+06  -5.7518000000000001e+01
   1.8197008589999999e+06  -5.7857999999999997e+01
   1.8407720009999999e+06  -5.8195999999999998e+01
   1.8620871370000001e+06  -5.8533999999999999e+01
   1.8836490889999999e+06  -5.8871000000000002e+01
   1.9054607180000001e+06  -5.9207000000000001e+01
   1.9275249129999999e+06  -5.9542000000000002e+01
   1.9498446000000001e+06  -5.9877000000000002e+01
   1.9724227360000000e+06  -6.0210000000000001e+01
   1.9952623149999999e+06  -6.0542999999999999e+01
   2.0183663640000001e+06  -6.0875000000000000e+01
   2.0417379450000001e+06  -6.1206000000000003e+01
   2.0653801560000000e+06  -6.1536000000000001e+01
   2.0892961310000001e+06  -6.1866000000000000e+01
   2.1134890400000000e+06  -6.2195000000000000e+01
   2.1379620899999999e+06  -6.2523000000000003e+01
   2.1627185240000002e+06  -6.2850999999999999e+01
   2.1877616239999998e+06  -6.3177000000000000e+01
   2.2130947100000000e+06  -6.3503999999999998e+01
   2.2387211390000000e+06  -6.3829000000000001e+01
   2.2646443080000002e+06  -6.4153999999999996e+01
   2.2908676529999999e+06  -6.4478999999999999e+01
   2.3173946499999999e+06  -6.4802999999999997e+01
   2.3442288149999999e+06  -6.5126000000000005e+01
   2.3713737059999998e+06  -6.5448999999999998e+01
   2.3988329190000002e+06  -6.5771000000000001e+01
   2.4266100950000002e+06  -6.6093000000000004e+01
   2.4547089160000002e+06  -6.6414000000000001e+01
   2.4831331050000000e+06  -6.6734999999999999e+01
   2.5118864320000000e+06  -6.7055000000000007e+01
   2.5409727059999998e+06  -6.7375000000000000e+01
   2.5703957829999998e+06  -6.7694000000000003e+01
   2.6001595630000001e+06  -6.8013000000000005e+01
   2.6302679920000001e+06  -6.8331000000000003e+01
   2.6607250600000001e+06  -6.8649000000000001e+01
   2.6915348040000000e+06  -6.8966999999999999e+01
   2.7227013080000002e+06  -6.9284000000000006e+01
   2.7542287030000002e+06  -6.9600999999999999e+01
   2.7861211690000002e+06  -6.9917000000000002e+01
   2.8183829309999999e+06  -7.0233000000000004e+01
   2.8510182680000002e+06  -7.0548000000000002e+01
   2.8840315030000000e+06  -7.0864000000000004e+01
   2.9174270140000000e+06  -7.1177999999999997e+01
   2.9512092270000000e+06  -7.1492999999999995e+01
   2.9853826189999999e+06  -7.1807000000000002e+01
   3.0199517200000002e+06  -7.2120999999999995e+01
   3.0549211129999999e+06  -7.2435000000000002e+01
   3.0902954330000002e+06  -7.2748000000000005e+01
   3.1260793670000001e+06  -7.3061000000000007e+01
   3.1622776600000001e+06  -7.3373000000000005e+01
   3.1988951099999999e+06  -7.3686000000000007e+01
   3.2359365690000001e+06  -7.3998000000000005e+01
   3.2734069490000000e+06  -7.4308999999999997e+01
   3.3113112149999999e+06  -7.4620999999999995e+01
   3.3496543920000000e+06  -7.4932000000000002e+01
   3.3884415610000002e+06  -7.5242999999999995e+01
   3.4276778650000002e+06  -7.5554000000000002e+01
   3.4673685049999999e+06  -7.5864000000000004e+01
   3.5075187400000002e+06  -7.6174000000000007e+01
   3.5481338920000000e+06  -7.6483999999999995e+01
   3.5892193459999999e+06  -7.6793999999999997e+01
   3.6307805480000000e+06  -7.7102999999999994e+01
   3.6728230049999999e+06  -7.7412999999999997e+01
   3.7153522910000002e+06  -7.7721999999999994e+01
   3.7583740430000001e+06  -7.8031000000000006e+01
   3.8018939630000000e+06  -7.8338999999999999e+01
   3.8459178199999998e+06  -7.8647999999999996e+01
   3.8904514500000002e+06  -7.8956000000000003e+01
   3.9355007549999999e+06  -7.9263999999999996e+01
   3.9810717059999998e+06  -7.9572000000000003e+01
   4.0271703429999999e+06  -7.9879999999999995e+01
   4.0738027779999999e+06  -8.0186999999999998e+01
   4.1209751910000001e+06  -8.0495000000000005e+01
   4.1686938350000000e+06  -8.0802000000000007e+01
   4.2169650340000000e+06  -8.1108999999999995e+01
   4.2657951880000001e+06  -8.1415999999999997e+01
   4.3151907680000002e+06  -8.1721999999999994e+01
   4.3651583219999997e+06  -8.2028999999999996e+01
   4.4157044740000004e+06  -8.2334999999999994e+01
   4.4668359220000003e+06  -8.2641999999999996e+01
   4.5185594440000001e+06  -8.2947999999999993e+01
   4.5708818959999997e+06  -8.3254000000000005e+01
   4.6238102139999997e+06  -8.3560000000000002e+01
   4.6773514129999997e+06  -8.3864999999999995e+01
   4.7315125899999999e+06  -8.4171000000000006e+01
   4.7863009230000004e+06  -8.4475999999999999e+01
   4.8417236760000000e+06  -8.4781999999999996e+01
   4.8977881940000001e+06  -8.5087000000000003e+01
   4.9545019079999998e+06  -8.5391999999999996e+01
   5.0118723360000001e+06  -8.5697000000000003e+01
   5.0699070829999996e+06  -8.6001999999999995e+01
   5.1286138399999999e+06  -8.6305999999999997e+01
   5.1880003890000004e+06  -8.6611000000000004e+01
   5.2480746020000000e+06  -8.6915999999999997e+01
   5.3088444419999998e+06  -8.7219999999999999e+01
   5.3703179639999997e+06  -8.7524000000000001e+01
   5.4325033150000004e+06  -8.7828000000000003e+01
   5.4954087390000001e+06  -8.8132999999999996e+01
   5.5590425729999999e+06  -8.8436999999999998e+01
   5.6234132520000003e+06  -8.8741000000000000e+01
   5.6885293080000002e+06  -8.9043999999999997e+01
   5.7543993729999997e+06  -8.9347999999999999e+01
   5.8210321780000003e+06  -8.9652000000000001e+01
   5.8884365539999995e+06  -8.9954999999999998e+01
   5.9566214349999996e+06  -9.0259000000000000e+01
   6.0255958609999996e+06  -9.0561999999999998e+01
   6.0953689720000001e+06  -9.0866000000000000e+01
   6.1659500190000003e+06  -9.1168999999999997e+01
   6.2373483550000004e+06  -9.1471999999999994e+01
   6.3095734450000003e+06  -9.1775000000000006e+01
   6.3826348619999997e+06  -9.2078000000000003e+01
   6.4565422900000000e+06  -9.2381000000000000e+01
   6.5313055259999996e+06  -9.2683999999999997e+01
   6.6069344800000004e+06  -9.2986999999999995e+01
   6.6834391760000000e+06  -9.3290000000000006e+01
   6.7608297539999997e+06  -9.3591999999999999e+01
   6.8391164730000002e+06  -9.3894999999999996e+01
   6.9183097089999998e+06  -9.4197999999999993e+01
   6.9984199600000000e+06  -9.4500000000000000e+01
   7.0794578439999996e+06  -9.4802999999999997e+01
   7.1614341020000000e+06  -9.5105000000000004e+01
   7.2443596009999998e+06  -9.5406999999999996e+01
   7.3282453310000002e+06  -9.5709999999999994e+01
   7.4131024129999997e+06  -9.6012000000000000e+01
   7.4989420930000003e+06  -9.6313999999999993e+01
   7.5857757500000000e+06  -9.6616000000000000e+01
   7.6736148940000003e+06  -9.6918000000000006e+01
   7.7624711660000002e+06  -9.7221000000000004e+01
   7.8523563459999999e+06  -9.7522999999999996e+01
   7.9432823470000001e+06  -9.7825000000000003e+01
   8.0352612220000001e+06  -9.8126000000000005e+01
   8.1283051619999995e+06  -9.8427999999999997e+01
   8.2224264989999998e+06  -9.8730000000000004e+01
   8.3176377110000001e+06  -9.9031999999999996e+01
   8.4139514159999993e+06  -9.9334000000000003e+01
   8.5113803819999993e+06  -9.9635000000000005e+01
   8.6099375219999999e+06  -9.9936999999999998e+01
   8.7096359000000004e+06  -1.0023900000000000e+02
   8.8104887300000004e+06  -1.0054000000000001e+02
   8.9125093809999991e+06  -1.0084200000000000e+02
   9.0157113760000002e+06  -1.0114300000000000e+02
   9.1201083939999994e+06  -1.0144499999999999e+02
   9.2257142719999999e+06  -1.0174600000000000e+02
   9.3325430079999994e+06  -1.0204800000000000e+02
   9.4406087630000003e+06  -1.0234900000000000e+02
   9.5499258599999994e+06  -1.0265000000000001e+02
   9.6605087899999991e+06  -1.0295200000000000e+02
   9.7723722100000009e+06  -1.0325300000000000e+02
   9.8855309470000006e+06  -1.0355400000000000e+02
   1.0000000000000000e+07  -1.0385599999999999e+02
   1.0115794543000000e+07  -1.0415700000000000e+02
   1.0232929923000000e+07  -1.0445800000000000e+02
   1.0351421666999999e+07  -1.0475900000000000e+02
   1.0471285481000001e+07  -1.0506000000000000e+02
   1.0592537252000000e+07  -1.0536100000000000e+02
   1.0715193051999999e+07  -1.0566200000000001e+02
   1.0839269140000001e+07  -1.0596400000000000e+02
   1.0964781960999999e+07  -1.0626500000000000e+02
   1.1091748153000001e+07  -1.0656600000000000e+02
   1.1220184543000000e+07  -1.0686700000000000e+02
   1.1350108157000000e+07  -1.0716700000000000e+02
   1.1481536215000000e+07  -1.0746800000000000e+02
   1.1614486138000000e+07  -1.0776900000000001e+02
   1.1748975549000001e+07  -1.0806999999999999e+02
   1.1885022274000000e+07  -1.0837100000000000e+02
   1.2022644346000001e+07  -1.0867200000000000e+02
   1.2161860005999999e+07  -1.0897300000000000e+02
   1.2302687708000001e+07  -1.0927400000000000e+02
   1.2445146118000001e+07  -1.0957400000000000e+02
   1.2589254118000001e+07  -1.0987500000000000e+02
   1.2735030810000001e+07  -1.1017600000000000e+02
   1.2882495517000001e+07  -1.1047700000000000e+02
   1.3031667785000000e+07  -1.1077700000000000e+02
   1.3182567386000000e+07  -1.1107800000000000e+02
   1.3335214322000001e+07  -1.1137900000000000e+02
   1.3489628825999999e+07  -1.1168000000000001e+02
   1.3645831366000000e+07  -1.1198000000000000e+02
   1.3803842646000000e+07  -1.1228100000000001e+02
   1.3963683611000000e+07  -1.1258100000000000e+02
   1.4125375446000000e+07  -1.1288200000000001e+02
   1.4288939585000001e+07  -1.1318300000000001e+02
   1.4454397707000000e+07  -1.1348300000000000e+02
   1.4621771744999999e+07  -1.1378400000000001e+02
   1.4791083881999999e+07  -1.1408400000000000e+02
   1.4962356561000001e+07  -1.1438500000000001e+02
   1.5135612483999999e+07  -1.1468600000000001e+02
   1.5310874617000001e+07  -1.1498600000000000e+02
   1.5488166188999999e+07  -1.1528700000000001e+02
   1.5667510700999999e+07  -1.1558700000000000e+02
   1.5848931925000001e+07  -1.1588800000000001e+02
   1.6032453907000000e+07  -1.1618800000000000e+02
   1.6218100973999999e+07  -1.1648900000000000e+02
   1.6405897732000001e+07  -1.1678900000000000e+02
   1.6595869073999999e+07  -1.1708900000000000e+02
   1.6788040181000002e+07  -1.1739000000000000e+02
   1.6982436524999999e+07  -1.1769000000000000e+02
   1.7179083872000001e+07  -1.1799100000000000e+02
   1.7378008287000000e+07  -1.1829100000000000e+02
   1.7579236140000001e+07  -1.1859200000000000e+02
   1.7782794100000001e+07  -1.1889200000000000e+02
   1.7988709151000001e+07  -1.1919199999999999e+02
   1.8197008585999999e+07  -1.1949299999999999e+02
   1.8407720015000001e+07  -1.1979300000000001e+02
   1.8620871366999999e+07  -1.2009300000000000e+02
   1.8836490895000000e+07  -1.2039400000000001e+02
   1.9054607180000000e+07  -1.2069400000000000e+02
   1.9275249131999999e+07  -1.2099400000000000e+02
   1.9498445998000000e+07  -1.2129500000000000e+02
   1.9724227361000001e+07  -1.2159500000000000e+02
   1.9952623149999999e+07  -1.2189500000000000e+02
   2.0183663636999998e+07  -1.2219600000000000e+02
   2.0417379447000001e+07  -1.2249600000000000e+02
   2.0653801557999998e+07  -1.2279600000000001e+02
   2.0892961309000000e+07  -1.2309699999999999e+02
   2.1134890397999998e+07  -1.2339700000000001e+02
   2.1379620895000000e+07  -1.2369700000000000e+02
   2.1627185237000000e+07  -1.2399700000000000e+02
   2.1877616239000000e+07  -1.2429800000000000e+02
   2.2130947096000001e+07  -1.2459800000000000e+02
   2.2387211386000000e+07  -1.2489800000000000e+02
   2.2646443076000001e+07  -1.2519799999999999e+02
   2.2908676528000001e+07  -1.2549900000000000e+02
   2.3173946500000000e+07  -1.2579900000000001e+02
   2.3442288153000001e+07  -1.2609900000000000e+02
   2.3713737057000000e+07  -1.2639900000000000e+02
   2.3988329190000001e+07  -1.2669900000000000e+02
   2.4266100951000001e+07  -1.2700000000000000e+02
   2.4547089157000002e+07  -1.2730000000000000e+02
   2.4831331052999999e+07  -1.2759999999999999e+02
   2.5118864315000001e+07  -1.2790000000000001e+02
   2.5409727055000000e+07  -1.2819999999999999e+02
   2.5703957828000002e+07  -1.2850100000000000e+02
   2.6001595631999999e+07  -1.2880099999999999e+02
   2.6302679919000000e+07  -1.2910100000000000e+02
   2.6607250598000001e+07  -1.2940100000000001e+02
   2.6915348039000001e+07  -1.2970099999999999e+02
   2.7227013081000000e+07  -1.3000200000000001e+02
   2.7542287033000000e+07  -1.3030199999999999e+02
   2.7861211686000001e+07  -1.3060200000000000e+02
   2.8183829313000001e+07  -1.3090199999999999e+02
   2.8510182675000001e+07  -1.3120200000000000e+02
   2.8840315030999999e+07  -1.3150200000000001e+02
   2.9174270140000001e+07  -1.3180199999999999e+02
   2.9512092267000001e+07  -1.3210300000000001e+02
   2.9853826188999999e+07  -1.3240299999999999e+02
   3.0199517204000000e+07  -1.3270300000000000e+02
   3.0549211131999999e+07  -1.3300299999999999e+02
   3.0902954324999999e+07  -1.3330300000000000e+02
   3.1260793671000000e+07  -1.3360300000000001e+02
   3.1622776602000002e+07  -1.3390299999999999e+02
   3.1988951096999999e+07  -1.3420300000000000e+02
   3.2359365693000000e+07  -1.3450399999999999e+02
   3.2734069488000002e+07  -1.3480400000000000e+02
   3.3113112147999998e+07  -1.3510400000000001e+02
   3.3496543916000001e+07  -1.3540400000000000e+02
   3.3884415614000000e+07  -1.3570400000000001e+02
   3.4276778655000001e+07  -1.3600399999999999e+02
   3.4673685045000002e+07  -1.3630400000000000e+02
   3.5075187395000003e+07  -1.3660400000000001e+02
   3.5481338923000000e+07  -1.3690400000000000e+02
   3.5892193465000004e+07  -1.3720500000000001e+02
   3.6307805476999998e+07  -1.3750500000000000e+02
   3.6728230049999997e+07  -1.3780500000000001e+02
   3.7153522909999996e+07  -1.3810499999999999e+02
   3.7583740428999998e+07  -1.3840500000000000e+02
   3.8018939631999999e+07  -1.3870500000000001e+02
   3.8459178204999998e+07  -1.3900500000000000e+02
   3.8904514498999998e+07  -1.3930500000000001e+02
   3.9355007545999996e+07  -1.3960499999999999e+02
   3.9810717055000000e+07  -1.3990500000000000e+02
   4.0271703432999998e+07  -1.4020500000000001e+02
   4.0738027780000001e+07  -1.4050500000000000e+02
   4.1209751909999996e+07  -1.4080600000000001e+02
   4.1686938347000003e+07  -1.4110599999999999e+02
   4.2169650343000002e+07  -1.4140600000000001e+02
   4.2657951880000003e+07  -1.4170599999999999e+02
   4.3151907682999998e+07  -1.4200600000000000e+02
   4.3651583223999999e+07  -1.4230600000000001e+02
   4.4157044734999999e+07  -1.4260599999999999e+02
   4.4668359215000004e+07  -1.4290600000000001e+02
   4.5185594436999999e+07  -1.4320599999999999e+02
   4.5708818961000003e+07  -1.4350600000000000e+02
   4.6238102140000001e+07  -1.4380600000000001e+02
   4.6773514129000001e+07  -1.4410599999999999e+02
   4.7315125895999998e+07  -1.4440600000000001e+02
   4.7863009232000001e+07  -1.4470599999999999e+02
   4.8417236758000001e+07  -1.4500600000000000e+02
   4.8977881936999999e+07  -1.4530600000000001e+02
   4.9545019079999998e+07  -1.4560700000000000e+02
   5.0118723362999998e+07  -1.4590700000000001e+02
   5.0699070827000000e+07  -1.4620699999999999e+02
   5.1286138398999996e+07  -1.4650700000000001e+02
   5.1880003892999999e+07  -1.4680699999999999e+02
   5.2480746024999999e+07  -1.4710700000000000e+02
   5.3088444423000000e+07  -1.4740700000000001e+02
   5.3703179637000002e+07  -1.4770699999999999e+02
   5.4325033148999996e+07  -1.4800700000000001e+02
   5.4954087386000000e+07  -1.4830699999999999e+02
   5.5590425726999998e+07  -1.4860700000000000e+02
   5.6234132519000001e+07  -1.4890700000000001e+02
   5.6885293083999999e+07  -1.4920699999999999e+02
   5.7543993733999997e+07  -1.4950700000000001e+02
   5.8210321777000003e+07  -1.4980699999999999e+02
   5.8884365535999998e+07  -1.5010700000000000e+02
   5.9566214353000000e+07  -1.5040700000000001e+02
   6.0255958607000001e+07  -1.5070699999999999e+02
   6.0953689723999999e+07  -1.5100700000000001e+02
   6.1659500185999997e+07  -1.5130699999999999e+02
   6.2373483548000000e+07  -1.5160700000000000e+02
   6.3095734447999999e+07  -1.5190700000000001e+02
   6.3826348619000003e+07  -1.5220699999999999e+02
   6.4565422902999997e+07  -1.5250700000000001e+02
   6.5313055265000001e+07  -1.5280699999999999e+02
   6.6069344800999999e+07  -1.5310700000000000e+02
   6.6834391756999999e+07  -1.5340700000000001e+02
   6.7608297539000005e+07  -1.5370800000000000e+02
   6.8391164728000000e+07  -1.5400800000000001e+02
   6.9183097091999993e+07  -1.5430799999999999e+02
   6.9984199599999994e+07  -1.5460800000000000e+02
   7.0794578437999994e+07  -1.5490799999999999e+02
   7.1614341020999998e+07  -1.5520800000000000e+02
   7.2443596006999999e+07  -1.5550800000000001e+02
   7.3282453313999996e+07  -1.5580799999999999e+02
   7.4131024129999995e+07  -1.5610800000000000e+02
   7.4989420932999998e+07  -1.5640799999999999e+02
   7.5857757503000006e+07  -1.5670800000000000e+02
   7.6736148936000004e+07  -1.5700800000000001e+02
   7.7624711663000003e+07  -1.5730799999999999e+02
   7.8523563460999995e+07  -1.5760800000000000e+02
   7.9432823472000003e+07  -1.5790799999999999e+02
   8.0352612218999997e+07  -1.5820800000000000e+02
   8.1283051615999997e+07  -1.5850800000000001e+02
   8.2224264995000005e+07  -1.5880799999999999e+02
   8.3176377109999999e+07  -1.5910800000000000e+02
   8.4139514165000007e+07  -1.5940799999999999e+02
   8.5113803819999993e+07  -1.5970800000000000e+02
   8.6099375217999995e+07  -1.6000800000000001e+02
   8.7096358996000007e+07  -1.6030799999999999e+02
   8.8104887300999999e+07  -1.6060800000000000e+02
   8.9125093812999994e+07  -1.6090799999999999e+02
   9.0157113761000007e+07  -1.6120800000000000e+02
   9.1201083936000004e+07  -1.6150800000000001e+02
   9.2257142715000004e+07  -1.6180799999999999e+02
   9.3325430079999998e+07  -1.6210800000000000e+02
   9.4406087628999993e+07  -1.6240799999999999e+02
   9.5499258601999998e+07  -1.6270800000000000e+02
   9.6605087899000004e+07  -1.6300800000000001e+02
   9.7723722096000001e+07  -1.6330799999999999e+02
   9.8855309466000006e+07  -1.6360800000000000e+02
   1.0000000000000000e+08  -1.6390799999999999e+02
   1.0115794542600000e+08  -1.6420800000000000e+02
   1.0232929922800000e+08  -1.6450800000000001e+02
   1.0351421666800000e+08  -1.6480799999999999e+02
   1.0471285480500001e+08  -1.6510800000000000e+02
   1.0592537251800001e+08  -1.6540799999999999e+02
   1.0715193052400000e+08  -1.6570800000000000e+02
   1.0839269140200000e+08  -1.6600800000000001e+02
   1.0964781961399999e+08  -1.6630799999999999e+02
   1.1091748152599999e+08  -1.6660800000000000e+02
   1.1220184543000001e+08  -1.6690799999999999e+02
   1.1350108156700000e+08  -1.6720800000000000e+02
   1.1481536215000001e+08  -1.6750800000000001e+02
   1.1614486138400000e+08  -1.6780799999999999e+02
   1.1748975549400000e+08  -1.6810800000000000e+02
   1.1885022274400000e+08  -1.6840799999999999e+02
   1.2022644346200000e+08  -1.6870800000000000e+02
   1.2161860006500000e+08  -1.6900800000000001e+02
   1.2302687708100000e+08  -1.6930799999999999e+02
   1.2445146117700000e+08  -1.6960800000000000e+02
   1.2589254117900001e+08  -1.6990799999999999e+02
   1.2735030810200000e+08  -1.7020800000000000e+02
   1.2882495516900000e+08  -1.7050800000000001e+02
   1.3031667784500000e+08  -1.7080799999999999e+02
   1.3182567385600001e+08  -1.7110800000000000e+02
   1.3335214321600001e+08  -1.7140799999999999e+02
   1.3489628825900000e+08  -1.7170800000000000e+02
   1.3645831365900001e+08  -1.7200800000000001e+02
   1.3803842646000001e+08  -1.7230799999999999e+02
   1.3963683610600001e+08  -1.7260800000000000e+02
   1.4125375446200001e+08  -1.7290799999999999e+02
   1.4288939585100001e+08  -1.7320800000000000e+02
   1.4454397707499999e+08  -1.7350800000000001e+02
   1.4621771744600001e+08  -1.7380799999999999e+02
   1.4791083881700000e+08  -1.7410800000000000e+02
   1.4962356560900000e+08  -1.7440799999999999e+02
   1.5135612484400001e+08  -1.7470800000000000e+02
   1.5310874616800001e+08  -1.7500800000000001e+02
   1.5488166189100000e+08  -1.7530799999999999e+02
   1.5667510701100001e+08  -1.7560800000000000e+02
   1.5848931924599999e+08  -1.7590799999999999e+02
   1.6032453906900001e+08  -1.7620800000000000e+02
   1.6218100973600000e+08  -1.7650800000000001e+02
   1.6405897731999999e+08  -1.7680799999999999e+02
   1.6595869074399999e+08  -1.7710800000000000e+02
   1.6788040181200001e+08  -1.7740799999999999e+02
   1.6982436524599999e+08  -1.7770800000000000e+02
   1.7179083871599999e+08  -1.7800800000000001e+02
   1.7378008287500000e+08  -1.7830799999999999e+02
   1.7579236139600000e+08  -1.7860900000000001e+02
   1.7782794100400001e+08  -1.7890899999999999e+02
   1.7988709151300001e+08  -1.7920900000000000e+02
   1.8197008586100000e+08  -1.7950899999999999e+02
   1.8407720014700001e+08  -1.7980900000000000e+02
   1.8620871366600001e+08  -1.8010900000000001e+02
   1.8836490894900000e+08  -1.8040899999999999e+02
   1.9054607179600000e+08  -1.8070900000000000e+02
   1.9275249131900001e+08  -1.8100899999999999e+02
   1.9498445997600001e+08  -1.8130900000000000e+02
   1.9724227361100000e+08  -1.8160900000000001e+02
   1.9952623149700001e+08  -1.8190899999999999e+02
   2.0183663636800000e+08  -1.8220900000000000e+02
   2.0417379446700001e+08  -1.8250899999999999e+02
   2.0653801558100000e+08  -1.8280900000000000e+02
   2.0892961308500001e+08  -1.8310900000000001e+02
   2.1134890398400000e+08  -1.8340899999999999e+02
   2.1379620894999999e+08  -1.8370900000000000e+02
   2.1627185237300000e+08  -1.8400899999999999e+02
   2.1877616239500001e+08  -1.8430900000000000e+02
   2.2130947096100000e+08  -1.8460900000000001e+02
   2.2387211385699999e+08  -1.8490899999999999e+02
   2.2646443075900000e+08  -1.8520900000000000e+02
   2.2908676527700001e+08  -1.8550899999999999e+02
   2.3173946499700001e+08  -1.8580900000000000e+02
   2.3442288153200001e+08  -1.8610900000000001e+02
   2.3713737056600001e+08  -1.8640899999999999e+02
   2.3988329190200001e+08  -1.8670900000000000e+02
   2.4266100950799999e+08  -1.8700899999999999e+02
   2.4547089156900001e+08  -1.8730900000000000e+02
   2.4831331053000000e+08  -1.8760900000000001e+02
   2.5118864315099999e+08  -1.8790899999999999e+02
   2.5409727055500001e+08  -1.8820900000000000e+02
   2.5703957827700001e+08  -1.8850899999999999e+02
   2.6001595631700000e+08  -1.8880900000000000e+02
   2.6302679919000000e+08  -1.8910900000000001e+02
   2.6607250597999999e+08  -1.8940899999999999e+02
   2.6915348039300001e+08  -1.8970900000000000e+02
   2.7227013080800003e+08  -1.9000899999999999e+02
   2.7542287033399999e+08  -1.9030900000000000e+02
   2.7861211686299998e+08  -1.9060900000000001e+02
   2.8183829312599999e+08  -1.9090899999999999e+02
   2.8510182675000000e+08  -1.9120900000000000e+02
   2.8840315031300002e+08  -1.9150899999999999e+02
   2.9174270139999998e+08  -1.9180900000000000e+02
   2.9512092266700000e+08  -1.9210900000000001e+02
   2.9853826189200002e+08  -1.9240899999999999e+02
   3.0199517204000002e+08  -1.9270900000000000e+02
   3.0549211132200003e+08  -1.9300899999999999e+02
   3.0902954325099999e+08  -1.9330900000000000e+02
   3.1260793671200001e+08  -1.9360900000000001e+02
